12.6	0
26.6	0
43.6	0
62.1	0
75.6	0
89.7	0
15	1
29.9	1
44.5	1
58.4	1
73.6	1
86	1
12.8	2
28	2
45.1	2
61.8	2
77	2
95.2	2
17.3	3
33.7	3
50.6	3
70.9	3
86.4	3
14.7	4
27.1	4
43.4	4
56	4
71.4	4
88.3	4
13.2	5
39	5
65.2	5
88.2	5
13	6
30.2	6
46.5	6
59	6
73.3	6
88.5	6
19.2	7
40.2	7
59.6	7
78.4	7
98.6	7
12.8	8
32.3	8
46.3	8
63.2	8
82.4	8
98.9	8
11.7	9
26.1	9
40.8	9
58.7	9
74.2	9
88.3	9
14.4	10
28.9	10
44.2	10
59.3	10
76.5	10
89.6	10
18.8	11
35.1	11
51.8	11
68.9	11
85.7	11
12.5	12
26.1	12
44.4	12
57.3	12
73.9	12
90.7	12
17.7	13
41.6	13
57.7	13
76	13
94.9	13
13.1	14
29.2	14
47.1	14
64.1	14
79.6	14
93.7	14
14.4	15
29.1	15
44.9	15
59.7	15
73.1	15
88.1	15
13.4	16
29.3	16
42.8	16
58.3	16
72.3	16
85.4	16
18	17
35.2	17
53.6	17
70	17
87.7	17
13.6	18
32.1	18
47.7	18
65.6	18
83.1	18
13.3	19
29.9	19
46.9	19
58.4	19
74.8	19
90.5	19
18.5	20
36.2	20
57	20
74.1	20
95.7	20
13.7	21
31.2	21
46.5	21
63.5	21
86.3	21
13.9	22
33.8	22
50.5	22
68.9	22
88.7	22
11.2	23
31.6	23
52	23
74.7	23
99	23
17.4	24
30.5	24
45.8	24
62.9	24
78	24
93.6	24
19.3	25
36.5	25
50.3	25
67.7	25
89.9	25
11.4	26
29.3	26
47.9	26
63.7	26
76.6	26
95.8	26
13.9	27
32	27
47.4	27
65.3	27
83.1	27
13.1	28
29.6	28
47.4	28
62.6	28
78.2	28
95.1	28
17.2	29
31.1	29
47	29
62.9	29
78.1	29
91	29
14.7	30
30.1	30
48.1	30
65.9	30
82	30
98.1	30
14.1	31
30.2	31
47.5	31
70.5	31
91	31
13.4	32
32.4	32
54.2	32
73	32
91.5	32
12.8	33
33.2	33
49.8	33
67.5	33
82.1	33
14.2	34
32.3	34
51.1	34
69.4	34
89.7	34
13.7	35
26.2	35
41.9	35
55	35
67.7	35
81.8	35
94.5	35
14.1	36
32	36
50.2	36
69	36
85.3	36
11.7	37
25.9	37
39.5	37
51.8	37
64.2	37
75.8	37
88.4	37
21.1	38
38.5	38
53.5	38
71.4	38
91.7	38
12.7	39
28.9	39
41.8	39
56.3	39
71	39
85.6	39
13.8	40
28.7	40
43.9	40
60.6	40
78.9	40
92.4	40
14.3	41
29.8	41
44.7	41
57.9	41
72.1	41
85.8	41
97.4	41
13.7	42
28.6	42
43.6	42
60.9	42
79.8	42
94.9	42
14.3	43
30.4	43
48.1	43
63.9	43
78.7	43
95.6	43
18.9	44
30.8	44
46.1	44
61.4	44
75.6	44
91.1	44
12.9	45
31.5	45
48.2	45
65.9	45
84.7	45
12.8	46
31.1	46
48.7	46
66.9	46
85.9	46
13.8	47
24.5	47
39.6	47
53.4	47
67.4	47
81.1	47
94.1	47
13.5	48
28.1	48
42.4	48
54.3	48
72.4	48
85.3	48
98.5	48
12.5	49
26.6	49
42.4	49
57.9	49
72.8	49
86.3	49
12.8	50
28.2	50
40.5	50
53.5	50
66.8	50
78.6	50
91.7	50
13	51
27.3	51
41.8	51
56.9	51
71.4	51
84.9	51
98	51
20.2	52
37.2	52
55.4	52
72.5	52
91.3	52
12.1	53
25.5	53
40.4	53
53.3	53
66.9	53
80.3	53
94.7	53
21.9	54
41	54
58.1	54
78.5	54
94.5	54
13.6	55
28.8	55
43	55
56.4	55
71.1	55
84.2	55
98.8	55
14.8	56
29.1	56
43.8	56
60.9	56
79.9	56
92.9	56
15.8	57
30.7	57
44.7	57
56.2	57
71.9	57
86.1	57
13.8	58
28.3	58
42.5	58
56	58
68	58
81	58
93.7	58
21.1	59
36.4	59
55.3	59
73.2	59
89.1	59
13.4	60
29.1	60
44.4	60
61	60
77.4	60
95.8	60
12.2	61
31.8	61
50.2	61
67.3	61
84.1	61
19.6	62
33.4	62
48.8	62
65.1	62
81.2	62
97.9	62
13.8	63
27.5	63
43.1	63
57.8	63
71.8	63
86.6	63
98.9	63
13.7	64
30	64
54.3	64
77.1	64
92.8	64
14.5	65
26.6	65
36.6	65
49.3	65
61.3	65
73.1	65
84.4	65
98.1	65
13.9	66
32.4	66
50.8	66
66.8	66
82.4	66
98.6	66
14.1	67
27.7	67
46.3	67
62.4	67
75.7	67
90.4	67
13.4	68
28.3	68
44.4	68
59	68
72.6	68
85.4	68
13.4	69
32.2	69
47.7	69
63	69
79.5	69
93.7	69
13.4	70
41.9	70
67.3	70
92.5	70
18.3	71
31.2	71
47.2	71
64.5	71
81.9	71
98.2	71
13.8	72
29.9	72
44.7	72
60.8	72
77.1	72
92.9	72
13	73
27	73
39.5	73
54.2	73
68.5	73
80.1	73
94.8	73
12.5	74
26.5	74
38.7	74
51.6	74
63.5	74
78.5	74
91.7	74
12.7	75
34.5	75
61.1	75
88.3	75
17.3	76
37.2	76
59.9	76
80	76
14.6	77
31.2	77
46.4	77
60.2	77
73.9	77
88.4	77
13.8	78
39.1	78
54.2	78
72.7	78
90.3	78
17.9	79
35.7	79
52	79
68.9	79
84.3	79
13.9	80
27.2	80
40.4	80
51.1	80
64.5	80
76.7	80
92.2	80
18.2	81
35.8	81
52.6	81
74.3	81
93.7	81
13.4	82
26.7	82
42.9	82
55.8	82
70.3	82
81.8	82
95.1	82
13.5	83
27.5	83
40.5	83
54.4	83
66.4	83
80.3	83
94.5	83
15	84
29.4	84
43.5	84
59.1	84
73	84
89.6	84
13.1	85
29.8	85
45.4	85
59.7	85
74.7	85
88.3	85
12	86
25.4	86
37.7	86
53.9	86
68.8	86
81.9	86
95.8	86
18	87
34.9	87
52.8	87
68	87
84.8	87
13.5	88
28.7	88
42	88
53.7	88
68.5	88
83.6	88
98.4	88
12.8	89
24.6	89
39.2	89
51.8	89
64.8	89
79	89
92.7	89
13.5	90
33.2	90
47.3	90
64.1	90
82	90
13.8	91
31.6	91
51.8	91
72.1	91
93.1	91
13.6	92
32.3	92
49.6	92
67.4	92
84.2	92
13.7	93
36.4	93
53.8	93
67.5	93
83.6	93
11.7	94
30.9	94
47.2	94
71.5	94
88.4	94
12.9	95
29.5	95
44.6	95
61.2	95
74.7	95
90.6	95
14.4	96
35.6	96
54.3	96
70.6	96
86.7	96
14.2	97
28.8	97
43	97
61.1	97
78	97
93.3	97
13.4	98
27	98
42.2	98
61.3	98
77.3	98
92	98
13.2	99
34.2	99
55.8	99
72.8	99
92.9	99
16.1	100
33.6	100
52.4	100
68.5	100
88.6	100
10.7	101
23.3	101
38.4	101
53.2	101
69.6	101
83.4	101
97.5	101
13.3	102
32.1	102
47.6	102
64.7	102
79.9	102
97.6	102
12.8	103
30.5	103
46.8	103
64.5	103
80.2	103
96.6	103
13.1	104
33.3	104
52.7	104
67.9	104
84.6	104
12.6	105
33.4	105
52	105
70	105
89.7	105
11.9	106
23.8	106
37.6	106
50.5	106
64.7	106
80.1	106
93.8	106
13.9	107
31.3	107
47.4	107
63.1	107
79	107
96.4	107
12.2	108
27.5	108
42.3	108
55.5	108
71.1	108
84.8	108
14.2	109
32.4	109
52.7	109
70.2	109
89.1	109
15.2	110
29.6	110
44.5	110
59.8	110
73.1	110
87.4	110
17.8	111
35.8	111
51.3	111
67.1	111
81.5	111
13.8	112
29.8	112
42.9	112
57.1	112
70.6	112
83	112
96.6	112
16.5	113
32.7	113
46.7	113
61.5	113
76.5	113
93.1	113
12.8	114
35	114
52.7	114
70.5	114
88.1	114
13.9	115
29.8	115
44.4	115
60.4	115
75.6	115
91.6	115
15.4	116
28.9	116
44.5	116
58.2	116
75	116
89.3	116
13.5	117
27.9	117
42	117
53.4	117
67.6	117
80.9	117
93.5	117
11.6	118
25.7	118
40.3	118
62.1	118
78	118
96	118
14.7	119
31.3	119
46.1	119
60.1	119
73.2	119
88.4	119
12.4	120
26.8	120
43.8	120
59	120
72.6	120
88.7	120
14	121
27.8	121
40.2	121
54.1	121
68	121
83.4	121
97.7	121
14.9	122
29.7	122
44	122
57.8	122
69.7	122
84.8	122
97.4	122
14.8	123
34.8	123
54.2	123
75.8	123
94.6	123
11.8	124
23.4	124
36.4	124
47.9	124
59	124
73.4	124
84.5	124
97.6	124
17.8	125
34.2	125
50.2	125
63.9	125
81.8	125
97.2	125
13.5	126
30.5	126
49	126
63.2	126
79	126
94.4	126
16.3	127
32	127
48.4	127
64.7	127
80.2	127
94.4	127
11.7	128
26.7	128
44.5	128
58.2	128
75.3	128
91.1	128
12.4	129
27.2	129
38.9	129
51.8	129
64.2	129
78	129
91.3	129
21.5	130
46.4	130
67.2	130
88.1	130
17.9	131
36.5	131
52.3	131
73	131
89.1	131
15.9	132
30.2	132
45.4	132
59.9	132
75.6	132
88.8	132
13.5	133
28.2	133
49.9	133
70.8	133
86	133
98.7	133
12.6	134
29.4	134
46.1	134
62.3	134
80.4	134
97.1	134
13.3	135
28.4	135
49	135
73.8	135
92.4	135
16.5	136
32	136
46.2	136
62.1	136
76.8	136
90.8	136
16.6	137
33.5	137
52.4	137
69.5	137
85.6	137
14.3	138
27.1	138
40.9	138
58.6	138
75.6	138
93.9	138
12.9	139
26.8	139
40.8	139
55.5	139
70.2	139
82.4	139
95.4	139
14.2	140
31.5	140
47.3	140
63.3	140
78.3	140
95.6	140
18.1	141
37.4	141
56.2	141
77.2	141
92.6	141
12.9	142
34.4	142
52.1	142
73.1	142
92.4	142
13.5	143
25.4	143
38.4	143
49.7	143
61.1	143
75.7	143
89.6	143
14.1	144
25.6	144
37.6	144
49.5	144
63.6	144
77	144
88.7	144
12.8	145
30.1	145
48.9	145
67.5	145
83.8	145
12.8	146
27.7	146
39	146
52.5	146
67.2	146
80.4	146
96.5	146
12.2	147
29.9	147
44.4	147
61.5	147
78.3	147
93.6	147
12.7	148
29.8	148
43.7	148
57.3	148
71.5	148
86.7	148
14.4	149
30.2	149
43.9	149
58.1	149
75.7	149
90.7	149
11.4	150
25.9	150
38.7	150
56.5	150
72.8	150
88.8	150
11.9	151
25.2	151
43.2	151
56.8	151
72.2	151
87.9	151
13.6	152
28.2	152
43	152
58.1	152
73.7	152
90.7	152
15.9	153
28.9	153
42.1	153
55.7	153
69.9	153
83	153
94.3	153
13.2	154
29.7	154
43.7	154
58.1	154
72.9	154
87.5	154
13.5	155
34	155
59.3	155
80.4	155
13	156
27	156
40.1	156
51.8	156
65.1	156
78.6	156
91.8	156
17.5	157
33.6	157
49.5	157
64.8	157
81.8	157
98.6	157
13.5	158
27.1	158
43	158
58.1	158
75.4	158
92.2	158
14.1	159
26.5	159
39.8	159
53.4	159
67.8	159
80.8	159
96.7	159
13.8	160
28	160
41.7	160
55.6	160
67.5	160
80.2	160
94	160
14.1	161
29.2	161
42.7	161
55.8	161
70.6	161
84.6	161
96.5	161
12.9	162
40.2	162
64.9	162
84.9	162
14.2	163
24.6	163
40	163
54.1	163
66.6	163
79.9	163
92.2	163
13.5	164
30.4	164
44.6	164
63.7	164
78	164
90.6	164
13.5	165
27.4	165
43	165
54.3	165
70.9	165
84.4	165
98.5	165
14.8	166
30.5	166
45.8	166
60.4	166
75.8	166
91.2	166
12.9	167
30.1	167
44.7	167
62.3	167
75.2	167
93.4	167
12.8	168
31.2	168
47.8	168
66.8	168
86.6	168
13.7	169
28.9	169
43.2	169
56.6	169
69.5	169
80.7	169
93.8	169
13.8	170
32.9	170
53.9	170
72	170
92.4	170
14.8	171
33.6	171
53.3	171
69.3	171
83.8	171
20.7	172
39.5	172
63.9	172
85.2	172
19.3	173
40	173
60.7	173
80.8	173
98.3	173
12.3	174
30.2	174
51.5	174
69.8	174
88.1	174
13.6	175
32	175
53.8	175
71.3	175
88.3	175
22.1	176
42.1	176
56	176
74	176
98.4	176
13.6	177
27.8	177
39.7	177
52.4	177
65.2	177
77.9	177
90.8	177
13.7	178
28.2	178
43.4	178
57.6	178
72.5	178
88	178
99	178
13.5	179
31.2	179
44	179
57.7	179
71.3	179
86.3	179
13.5	180
28.8	180
42.3	180
58.3	180
72.4	180
88	180
13.2	181
33.8	181
52.2	181
66	181
80.9	181
17.1	182
33	182
48.6	182
61.9	182
75.6	182
91.3	182
13.9	183
33.2	183
52.2	183
67.4	183
83.7	183
13.5	184
28.6	184
42.4	184
54.3	184
66.8	184
78.8	184
90.8	184
13.5	185
37.3	185
57.3	185
72.4	185
88.5	185
13	186
29.1	186
47.2	186
62	186
74.5	186
89.6	186
16.6	187
33.1	187
48	187
61.6	187
78	187
91.9	187
12.1	188
27.8	188
42.9	188
63.6	188
79.1	188
95.1	188
13.2	189
29.7	189
48.4	189
64.7	189
78.8	189
92.8	189
19.1	190
39.1	190
56.5	190
78.4	190
97.2	190
12.7	191
33.2	191
54.2	191
78.1	191
94.7	191
12.8	192
27.9	192
43.4	192
59	192
75.7	192
89.5	192
14.8	193
29.5	193
44.9	193
60.9	193
75.7	193
90.2	193
21	194
39	194
54.2	194
71.9	194
89.6	194
14.4	195
28.7	195
40.8	195
55.6	195
69.7	195
82.6	195
94.4	195
15.3	196
29.7	196
45.6	196
63.2	196
79.8	196
95.2	196
12.7	197
30	197
47.8	197
62.4	197
80	197
91.6	197
13.5	198
29.7	198
42.2	198
54.3	198
70	198
87.8	198
12.5	199
33.2	199
51.3	199
67.3	199
81.9	199
97.3	199
19.3	200
37.4	200
55.4	200
74.4	200
95.2	200
15.9	201
28.2	201
45	201
62.1	201
75.7	201
88.6	201
18.1	202
33	202
48.9	202
61.2	202
75.1	202
89.9	202
18.3	203
32.9	203
50.7	203
73.2	203
89.4	203
14.5	204
27.3	204
41.7	204
56.8	204
70.5	204
84.4	204
96.9	204
17.9	205
33.7	205
52	205
67.4	205
84	205
14.1	206
30.1	206
45.9	206
61	206
76.5	206
91.8	206
14	207
28.1	207
45.2	207
60.1	207
73.2	207
87.4	207
17.3	208
33.9	208
52.6	208
73.1	208
92.1	208
14.1	209
30.1	209
47.5	209
63.1	209
79.3	209
95.5	209
11.8	210
40.5	210
63	210
97.2	210
15.4	211
28.3	211
44.6	211
58.7	211
74.1	211
88.8	211
13.8	212
28.7	212
41	212
59	212
73.6	212
91.2	212
15.5	213
31.7	213
48.8	213
64.3	213
78.3	213
95.5	213
14.2	214
32.1	214
54	214
72.2	214
88.2	214
13.2	215
30.7	215
44	215
59.4	215
73.6	215
85.5	215
97.2	215
12.7	216
29.5	216
47.7	216
62.9	216
77.4	216
92.7	216
11.9	217
26.6	217
42	217
56.6	217
72.3	217
88.1	217
14.2	218
37.4	218
58.9	218
82.4	218
12.4	219
28.7	219
45	219
59.4	219
74.9	219
91.9	219
13.8	220
26.8	220
40.4	220
53.5	220
67.1	220
80.2	220
90	220
13.5	221
32.6	221
50.1	221
67	221
83.3	221
12.7	222
27.9	222
41.1	222
54.9	222
67.4	222
79.5	222
93	222
14.6	223
29.4	223
45.9	223
63.1	223
78.1	223
92.2	223
13.3	224
29.3	224
47.4	224
61.7	224
77.6	224
96.5	224
14	225
27	225
41.1	225
55.2	225
74.7	225
91.1	225
17.5	226
31.7	226
49.3	226
63.6	226
79.3	226
97.6	226
21.2	227
38.5	227
57.4	227
73.1	227
88.9	227
13.8	228
35.1	228
52.5	228
74.8	228
89.7	228
18.4	229
36.1	229
54.3	229
70.7	229
85.5	229
16.3	230
31.8	230
47.4	230
61.5	230
77.7	230
92.2	230
12.4	231
26.1	231
38.8	231
52.9	231
65.8	231
78.8	231
91.8	231
16.6	232
33.7	232
46.4	232
63.8	232
79.7	232
92.9	232
12.8	233
29.3	233
44.4	233
64.8	233
81.4	233
96.3	233
13.5	234
27.6	234
40.8	234
54	234
67.7	234
81.5	234
96.7	234
14.3	235
28.7	235
43.1	235
59.6	235
76.7	235
94.2	235
14.6	236
32.4	236
55.1	236
72	236
92.9	236
18.4	237
31.8	237
47.1	237
64.1	237
75.7	237
92.2	237
14.2	238
34.3	238
61	238
89.8	238
13.1	239
28	239
41.6	239
57	239
76.4	239
94	239
12.9	240
28.2	240
42.3	240
55.4	240
69.9	240
85.7	240
98.8	240
10	241
24.4	241
40.3	241
52.4	241
66.8	241
82.2	241
97.8	241
14.7	242
28.7	242
47.2	242
63.7	242
78.9	242
94.8	242
13.3	243
26.5	243
39.8	243
57.4	243
72.9	243
87.1	243
14.8	244
34.2	244
51.9	244
69	244
85.8	244
12.2	245
32.4	245
48.6	245
64.3	245
81.4	245
12	246
27.9	246
43.3	246
57.1	246
74.9	246
92.3	246
13.6	247
31.7	247
43.9	247
61.9	247
79	247
93.3	247
12.5	248
28.7	248
43.4	248
58.7	248
72.1	248
87.5	248
20	249
38.3	249
59.4	249
76.4	249
91.8	249
13.9	250
30	250
46.3	250
63.8	250
78.1	250
91.8	250
11.3	251
24.7	251
36.7	251
48.4	251
62.2	251
74.7	251
88.3	251
11.2	252
37.7	252
58	252
86.7	252
18.5	253
34.5	253
53.8	253
71.7	253
90.9	253
13.3	254
31.4	254
47.5	254
65.8	254
82.1	254
19.7	255
40.7	255
59.5	255
78.1	255
13.8	256
28.7	256
44	256
58.7	256
73.6	256
87.4	256
14.8	257
29.6	257
42.7	257
56	257
70.5	257
83.1	257
14.3	258
27	258
37.1	258
49.3	258
62.6	258
75	258
86.9	258
13	259
32.1	259
48.4	259
62.6	259
79.7	259
97.1	259
14.6	260
29.6	260
45.1	260
60	260
73.4	260
88.1	260
14.8	261
32.5	261
46.3	261
63.2	261
79.4	261
95.2	261
13.7	262
33.8	262
53.2	262
74.5	262
95.3	262
14.3	263
33.4	263
49.3	263
65.6	263
83.5	263
14.9	264
29.9	264
44.1	264
57.2	264
71.7	264
88.6	264
14.3	265
29.8	265
43	265
58.4	265
77.4	265
92.3	265
15.6	266
30.4	266
47.9	266
61.3	266
75.9	266
91.4	266
14.7	267
30.2	267
46.3	267
63.5	267
78.5	267
95.1	267
13.4	268
27.6	268
42.8	268
57.8	268
72.7	268
88.3	268
13.1	269
28.6	269
43.8	269
58.9	269
74.4	269
93.7	269
11.1	270
35	270
52.4	270
70.6	270
88.4	270
12.5	271
29.4	271
46.1	271
61.1	271
75.6	271
90.3	271
12.4	272
27.1	272
39.9	272
54.5	272
67.9	272
82	272
96.8	272
13.9	273
27.7	273
42.4	273
59	273
79.3	273
99	273
20	274
38.2	274
58	274
78.3	274
14.3	275
28.5	275
43.4	275
59.1	275
76.5	275
92.9	275
16.2	276
30.2	276
43.9	276
58.5	276
71.2	276
81.8	276
94.4	276
13.6	277
32.9	277
49.7	277
68.1	277
87.5	277
13.6	278
33.3	278
50	278
64.2	278
81.5	278
98.1	278
13.4	279
28.8	279
43.6	279
58.6	279
74	279
92.3	279
13.2	280
26.3	280
37.8	280
49.2	280
62.8	280
76	280
88.7	280
12.2	281
26.5	281
40	281
53.1	281
66.6	281
81.9	281
97	281
19.9	282
39.7	282
62	282
80.5	282
97.1	282
12.2	283
35.6	283
56.1	283
74.2	283
90.4	283
14.3	284
27.8	284
47.5	284
65	284
82.2	284
96.9	284
16.4	285
30.3	285
43.2	285
62.2	285
75.7	285
89.1	285
13.1	286
37.1	286
59.2	286
77.6	286
97.3	286
12.9	287
28.5	287
43.4	287
56.3	287
69.2	287
81.4	287
97	287
13.2	288
27.9	288
44.4	288
55.3	288
70.8	288
85.6	288
99	288
13.4	289
29.3	289
50.4	289
65.9	289
82.7	289
12.1	290
26.4	290
42	290
58	290
73	290
86.8	290
13.5	291
29.4	291
42.2	291
55	291
68.6	291
80.1	291
93.3	291
13.9	292
26	292
38.7	292
53.4	292
68.5	292
81.7	292
95.8	292
16.3	293
39.6	293
58.9	293
76.5	293
93.9	293
15.5	294
35.1	294
66.5	294
85.9	294
13.7	295
32.1	295
51.4	295
70.2	295
87.4	295
14.3	296
28.2	296
41.9	296
57.7	296
70.8	296
82.6	296
96.9	296
14.1	297
26.6	297
41.4	297
55.7	297
70.1	297
86	297
98.7	297
14.6	298
30.8	298
49.2	298
68.1	298
84.8	298
16.2	299
34	299
51.1	299
65	299
85.3	299
12.4	300
26.1	300
40.3	300
55.1	300
69.4	300
86.2	300
14.9	301
30.9	301
46.9	301
64.3	301
82.2	301
12.8	302
41.4	302
68.4	302
95.6	302
13.2	303
28	303
39.9	303
52.6	303
64.6	303
79.1	303
92.1	303
13.1	304
27	304
40.2	304
53.6	304
66.2	304
79.2	304
91.3	304
19.7	305
33.4	305
46.9	305
61.3	305
76.6	305
93.6	305
14.6	306
29.9	306
45.3	306
62.3	306
77.8	306
96.1	306
12.4	307
25.9	307
40.3	307
56.9	307
71.9	307
87.5	307
11.4	308
28.9	308
46.3	308
62.5	308
78.9	308
89.7	308
15.5	309
30	309
47.7	309
63.1	309
78	309
92.4	309
12.3	310
28.7	310
50.2	310
70.4	310
90.7	310
14.2	311
26.1	311
41.7	311
54.2	311
67.3	311
78.1	311
91.2	311
13.2	312
30.5	312
48.9	312
66.2	312
82.4	312
96.1	312
13.1	313
27	313
40.6	313
56.5	313
70	313
84.6	313
98.7	313
11.6	314
32.1	314
50.7	314
69.2	314
85	314
13.5	315
27.7	315
41.7	315
56.5	315
74.6	315
90.5	315
12.6	316
28.6	316
44.2	316
58.5	316
72.6	316
87.8	316
13.5	317
34.9	317
53	317
71.3	317
87.2	317
13.6	318
30.4	318
47.4	318
67.8	318
90	318
21.5	319
39.6	319
55.9	319
78	319
97.5	319
14.5	320
29.3	320
44	320
59	320
74	320
87.6	320
13.8	321
32.4	321
46.4	321
61	321
77.5	321
94.6	321
14.5	322
32.9	322
50.4	322
70	322
87.2	322
14.3	323
29.1	323
42.9	323
59.9	323
74.6	323
93.6	323
12	324
30.3	324
45.5	324
61.3	324
82.2	324
98.6	324
22	325
41.2	325
59.3	325
79.2	325
11.5	326
26.5	326
41.3	326
59.2	326
75.3	326
94.5	326
13.1	327
31.9	327
48.1	327
63.5	327
80.9	327
96.4	327
15.8	328
30.5	328
45.8	328
59.6	328
75.7	328
92.3	328
12.4	329
28.2	329
43.2	329
62.1	329
76.8	329
93.9	329
11.6	330
27.6	330
42.7	330
58.5	330
73.8	330
88.6	330
13.1	331
25.5	331
39.5	331
52.1	331
66.1	331
78.2	331
91.2	331
13	332
31.3	332
45.8	332
61.6	332
79.2	332
96.6	332
20	333
37.5	333
53.1	333
73.3	333
92.2	333
11.5	334
33.4	334
50.4	334
67.7	334
85.1	334
13.6	335
30	335
45.5	335
60.9	335
75.7	335
89.8	335
16.4	336
29.6	336
44.9	336
58.2	336
76.3	336
88.5	336
14.1	337
30.1	337
46.9	337
62.9	337
78	337
92.3	337
11.9	338
27.1	338
47.7	338
65.1	338
78.8	338
93.6	338
13.6	339
29.6	339
43	339
58.4	339
74.7	339
87.5	339
13.3	340
27.5	340
42.2	340
57.3	340
71.8	340
87.8	340
14.5	341
28.4	341
40.2	341
55.9	341
68.9	341
82.4	341
96.2	341
14.1	342
28.1	342
40.8	342
55.9	342
75.6	342
93	342
12.9	343
28.7	343
47.3	343
62.8	343
76.9	343
90.9	343
13.7	344
29.7	344
47.5	344
64.7	344
83.2	344
12.4	345
27.1	345
41.5	345
56.9	345
78.2	345
93.1	345
13.1	346
31.7	346
51.9	346
72.6	346
92.3	346
12	347
28.5	347
45	347
58.9	347
74.4	347
90.9	347
12.6	348
34.3	348
49	348
71.4	348
91.4	348
13.5	349
28	349
43.4	349
57.4	349
72.9	349
92.3	349
14.2	350
29.2	350
44.8	350
64.5	350
81.5	350
97	350
13.8	351
29.2	351
42.7	351
57.8	351
71.2	351
84.9	351
96.2	351
16.3	352
30	352
40.9	352
51.5	352
63.8	352
77.3	352
89.9	352
22.1	353
42.2	353
59.5	353
74.1	353
13.8	354
28.4	354
40.8	354
53.4	354
66.8	354
80.6	354
92.9	354
12.6	355
26.4	355
40.1	355
52.7	355
65.8	355
79.8	355
94	355
14.4	356
28.2	356
40.3	356
54.7	356
66.9	356
79.1	356
91	356
13.6	357
28.5	357
46.6	357
60.9	357
77.6	357
94.4	357
13	358
30.3	358
46	358
61.5	358
77.7	358
92.8	358
14	359
28.8	359
43.1	359
61.1	359
76	359
89.7	359
13.5	360
32.1	360
46.7	360
64.1	360
82.2	360
98.6	360
13.1	361
28.3	361
42.2	361
54.8	361
69.4	361
83.8	361
99	361
14.7	362
29.2	362
40.5	362
52.3	362
63.6	362
77.7	362
90.8	362
15.3	363
30	363
45.4	363
61.5	363
80.2	363
96.6	363
11.6	364
26.7	364
40.8	364
54.1	364
70.7	364
85.9	364
12.2	365
25	365
40.1	365
56.5	365
68.4	365
82	365
94.9	365
15	366
27.2	366
46.2	366
61.1	366
75.6	366
88.2	366
15.1	367
29.4	367
47.3	367
70.2	367
89.7	367
13.3	368
28.6	368
40.9	368
55.7	368
72.1	368
85.5	368
11.9	369
26	369
41	369
56.6	369
72.8	369
87.9	369
13.5	370
23.9	370
38.6	370
49.1	370
62.1	370
75.2	370
88.4	370
12.7	371
39.3	371
66	371
84.7	371
12	372
32.3	372
50.1	372
66.4	372
88.3	372
13.4	373
33.4	373
49.3	373
65.6	373
90.1	373
13.9	374
29	374
39.6	374
55.5	374
68.2	374
81.2	374
95	374
13.3	375
35.9	375
54	375
72.8	375
90.5	375
13.7	376
28.8	376
45.1	376
58.1	376
75.6	376
90.1	376
12.9	377
31.2	377
48.4	377
67.8	377
85.8	377
13.9	378
30.7	378
45.3	378
60.3	378
73.4	378
88.8	378
13.2	379
25.2	379
39.2	379
53.6	379
68.4	379
81.1	379
95	379
14.1	380
30.2	380
43.6	380
56.9	380
71.6	380
86.7	380
13.1	381
28.2	381
41.6	381
55.2	381
70.3	381
85.4	381
13.3	382
28.7	382
45.2	382
64.4	382
80.4	382
95.7	382
11.8	383
34.5	383
49	383
65.8	383
87.4	383
12.3	384
26.2	384
43.4	384
58.2	384
73.2	384
90.7	384
14.8	385
28.1	385
42.4	385
56.5	385
71.3	385
85.6	385
98.7	385
17.8	386
35.5	386
53.2	386
71	386
86.7	386
14	387
31.2	387
48.7	387
66.3	387
80.8	387
98	387
13.9	388
30	388
47.4	388
63.9	388
80.8	388
95.8	388
13.1	389
35.1	389
55	389
71.3	389
88.7	389
13.4	390
28.8	390
43.3	390
59	390
73.3	390
85.9	390
17.5	391
30.2	391
45.4	391
62.4	391
78.4	391
93.3	391
13.6	392
27.2	392
42.4	392
57.9	392
73	392
87.7	392
15.2	393
34.5	393
54.1	393
71.5	393
89.9	393
17.8	394
34.4	394
50.7	394
66	394
83.6	394
13	395
28.1	395
41.1	395
54.5	395
68.5	395
78.9	395
91.6	395
13.4	396
28.7	396
40.9	396
55	396
72.4	396
90.1	396
13.3	397
36.9	397
54.7	397
72.6	397
96	397
13.4	398
27.7	398
45.2	398
59.3	398
75.5	398
89.9	398
14.1	399
30.7	399
47.3	399
63.6	399
78.6	399
93.4	399
12.5	400
32.5	400
48.3	400
64.5	400
80.9	400
95.2	400
13.5	401
34.3	401
55.1	401
79.2	401
97.6	401
13.6	402
34.2	402
49.5	402
65.4	402
80.3	402
98	402
19.1	403
37.3	403
55.7	403
80.3	403
95.1	403
19.1	404
32.7	404
46.7	404
64.5	404
78.2	404
95.6	404
14.9	405
28.6	405
42.5	405
55.9	405
68	405
83.6	405
96.4	405
12.5	406
25.6	406
38.6	406
52.8	406
66.2	406
79.6	406
93	406
13.5	407
28.4	407
39.6	407
51.5	407
62.9	407
76.9	407
90.7	407
16.2	408
28.7	408
41.9	408
55.5	408
70.8	408
84	408
98.8	408
13.5	409
27.4	409
37.9	409
53	409
66.8	409
81.5	409
97	409
13.9	410
26.6	410
38.7	410
54.4	410
67.4	410
81.7	410
95.9	410
13.1	411
30.7	411
53	411
72.2	411
92.7	411
15.9	412
32.7	412
52.2	412
70.7	412
87.9	412
12.3	413
30.4	413
46.8	413
59.1	413
74.8	413
90.4	413
18.2	414
31.9	414
48.2	414
63.4	414
80.8	414
97.3	414
18.8	415
33.5	415
54	415
73.9	415
94.1	415
11.9	416
26.2	416
41.1	416
53.9	416
68.3	416
86.4	416
13.4	417
28.1	417
42.3	417
56.1	417
70.2	417
83.9	417
13	418
28.2	418
47.3	418
65.5	418
82	418
97.1	418
13.4	419
30.1	419
46.3	419
58.4	419
77.2	419
91.8	419
13.7	420
30.7	420
45.4	420
60.3	420
74.4	420
89.7	420
13.5	421
31.1	421
45.8	421
58.6	421
72.9	421
88.9	421
13.5	422
26.3	422
38.9	422
50.9	422
65.3	422
77.7	422
90.6	422
14.2	423
30.8	423
46.1	423
64.2	423
78.1	423
91.9	423
14	424
28.3	424
40.3	424
54.1	424
69.4	424
81.1	424
94.5	424
13.8	425
30.7	425
48.3	425
66.4	425
83.3	425
13.8	426
28.1	426
41.4	426
54.7	426
70	426
84.5	426
96.8	426
11.9	427
33.4	427
49	427
64.8	427
83.3	427
12.7	428
31.1	428
49.8	428
67.6	428
84.6	428
13.3	429
27	429
39.2	429
52.5	429
66.5	429
78.2	429
92.5	429
14.4	430
28.3	430
43.6	430
58.9	430
72.7	430
85.4	430
12.2	431
27.8	431
48.2	431
63.7	431
80.3	431
97.5	431
13.9	432
30.4	432
46.3	432
59.2	432
74.1	432
94.9	432
13.4	433
32.5	433
50.5	433
65.6	433
79.8	433
92.8	433
13.8	434
29.7	434
45.7	434
61.8	434
78	434
90.7	434
13.9	435
31.5	435
47	435
62.9	435
75.7	435
92.5	435
13	436
28.9	436
42.7	436
55	436
70.1	436
84.6	436
17.8	437
32.9	437
49.6	437
67.6	437
84.4	437
17.3	438
33.7	438
49.1	438
63.6	438
79.6	438
95.8	438
16.6	439
33.4	439
48.6	439
64.1	439
80	439
96.2	439
13	440
28.1	440
44.9	440
61.4	440
77.5	440
92.8	440
23.1	441
43.8	441
61.9	441
85.4	441
16.2	442
31.3	442
44.1	442
57.8	442
70.3	442
85.2	442
98.6	442
13.4	443
26.6	443
39.6	443
52.7	443
67.6	443
79.2	443
92.9	443
15	444
30.6	444
49	444
63	444
77.2	444
91.6	444
13.4	445
30.8	445
53.9	445
71.1	445
91.3	445
11.8	446
25.8	446
37.7	446
51.3	446
64	446
76.9	446
88.6	446
15.1	447
32	447
46.7	447
62	447
77	447
95	447
13.9	448
28.2	448
42.3	448
58.1	448
72	448
86.8	448
13.6	449
29.7	449
46.6	449
61.7	449
76.4	449
92.5	449
13.8	450
33.4	450
50.3	450
71.7	450
88.9	450
12.6	451
29.6	451
46.2	451
64.2	451
78.9	451
95.8	451
17.9	452
37.5	452
56.8	452
76	452
95.3	452
18.7	453
29.7	453
43.6	453
64.6	453
81.1	453
95.6	453
13.6	454
30.6	454
49.3	454
68.1	454
85.1	454
17.6	455
40.4	455
58.4	455
76.8	455
92.7	455
13	456
24.9	456
38.4	456
51.7	456
64.6	456
78.1	456
90.7	456
13.6	457
28.5	457
43	457
58.9	457
72.6	457
87.6	457
13	458
26.8	458
45.7	458
59.7	458
73.8	458
91.3	458
14.7	459
31.7	459
45.7	459
62.9	459
76.9	459
92.9	459
11.9	460
27.7	460
42.8	460
56.8	460
72.4	460
90.1	460
13.8	461
28.1	461
41.6	461
57.5	461
67.4	461
81.7	461
93.1	461
14	462
28.9	462
42.4	462
55.1	462
67.3	462
81	462
96.7	462
12.5	463
29	463
48.9	463
68.4	463
84.3	463
13.8	464
29.9	464
49.3	464
65.3	464
79.1	464
97.4	464
13.2	465
32.1	465
49.7	465
66.2	465
85	465
13.8	466
25.7	466
41.1	466
55	466
70.9	466
88.2	466
17.4	467
33.5	467
52.5	467
68.6	467
84.2	467
23.2	468
48.4	468
74.5	468
93	468
13.1	469
27.5	469
47.2	469
62.9	469
78.5	469
95.4	469
16.2	470
31.3	470
47.9	470
62.8	470
79.7	470
94.3	470
14.6	471
39.2	471
61.2	471
78	471
96.6	471
13.6	472
32.9	472
55	472
71.7	472
87	472
14	473
29.7	473
47.3	473
61.1	473
75.2	473
88.3	473
11.6	474
29.9	474
44.6	474
60.6	474
72.4	474
85.8	474
14	475
34.5	475
54.8	475
69.3	475
85.3	475
13.6	476
26.1	476
38.7	476
53.1	476
65.5	476
77.8	476
92.5	476
13.7	477
27.2	477
42.4	477
55.1	477
71.4	477
87.9	477
13.3	478
28.5	478
50.1	478
67	478
84.4	478
99	478
13.2	479
28.3	479
45.9	479
61.2	479
75.9	479
95.7	479
14.2	480
26.6	480
40	480
52.2	480
65.6	480
79.8	480
93.9	480
13	481
28	481
40.4	481
53.7	481
69.3	481
81.7	481
96.3	481
13.8	482
29.7	482
48	482
67	482
82.9	482
97.1	482
13.8	483
34.9	483
55.4	483
74.8	483
96.9	483
17.3	484
36.9	484
54.5	484
68.6	484
84.2	484
13.9	485
32.1	485
46.8	485
61.2	485
72.9	485
87.9	485
13.7	486
38.1	486
62.9	486
87.6	486
12.2	487
27.4	487
45.1	487
58.9	487
74.5	487
88.3	487
11.9	488
34	488
51.8	488
69.6	488
85.6	488
17.1	489
34.8	489
50.5	489
66.1	489
82.8	489
11.4	490
23.9	490
34.9	490
46.5	490
57.8	490
70.5	490
82.4	490
93.6	490
13.4	491
32.8	491
52.4	491
70.8	491
89.4	491
14.6	492
29.2	492
43.2	492
58	492
73.1	492
87.8	492
13.1	493
31.3	493
44.9	493
58	493
74.9	493
87.8	493
14.6	494
27	494
39.5	494
52	494
66.2	494
80.5	494
96	494
13	495
25.2	495
37.8	495
50	495
63.4	495
75.5	495
87.8	495
13.3	496
29.3	496
45.2	496
58.9	496
71.3	496
84.7	496
15.1	497
27.2	497
41.1	497
52.9	497
65.2	497
77.9	497
91.1	497
13	498
32.6	498
52	498
70.5	498
92.5	498
13.5	499
32.3	499
50.9	499
68.6	499
85.8	499
13.6	500
26.1	500
39.8	500
53.4	500
66	500
78.8	500
92.7	500
13.5	501
27.8	501
42.6	501
56.7	501
73.5	501
89.9	501
15.4	502
28.1	502
40.5	502
52.3	502
64.7	502
79	502
91.4	502
12.9	503
28.4	503
47.4	503
65	503
80.6	503
96.2	503
13.4	504
28.1	504
44.8	504
57.1	504
72.8	504
85.9	504
12.8	505
33.3	505
50.4	505
66.3	505
85.1	505
18.1	506
31.9	506
48.5	506
66.1	506
79.9	506
95.7	506
14.1	507
28.2	507
45.8	507
62.5	507
75.9	507
88.8	507
13.2	508
27.5	508
42	508
53	508
67.3	508
81.5	508
95.2	508
13.1	509
28.2	509
42.1	509
56.5	509
70.4	509
83.1	509
98.7	509
12.7	510
31.3	510
46.3	510
64.1	510
78.6	510
96.6	510
18.3	511
38.9	511
54.7	511
74.7	511
94.3	511
14	512
32.7	512
48.2	512
67.4	512
85.9	512
13.5	513
29.4	513
44.8	513
57.3	513
70.3	513
84	513
96	513
18.1	514
34.3	514
54.1	514
79.7	514
98.6	514
17	515
31.7	515
46.3	515
59.2	515
73.2	515
87.8	515
13.5	516
37.9	516
59	516
76.6	516
92.3	516
13.8	517
28.1	517
43.3	517
59.4	517
74.1	517
87.3	517
12.5	518
30.8	518
47.1	518
64.5	518
79.7	518
18.2	519
31.6	519
46.5	519
58.1	519
72.2	519
87.5	519
15.4	520
30.1	520
46.6	520
62.5	520
77.9	520
92.8	520
17.9	521
31.8	521
48.3	521
62.2	521
78.2	521
96.3	521
17.5	522
35.2	522
53.1	522
71.7	522
88.8	522
13.9	523
27.1	523
40.1	523
52.3	523
66.3	523
80.6	523
94.4	523
13	524
28.6	524
44.9	524
61.3	524
76.1	524
90.9	524
13.2	525
26.6	525
40.8	525
53.4	525
67.3	525
82	525
94.4	525
13.5	526
25.4	526
38.4	526
50.5	526
61.9	526
72.9	526
83.6	526
98.7	526
11.9	527
24.1	527
36.5	527
47.4	527
61.3	527
75.1	527
85.2	527
98.9	527
14.6	528
35	528
49.1	528
63.6	528
80.1	528
95.3	528
14.7	529
31.2	529
46	529
61.3	529
75.2	529
90.1	529
12.8	530
28.1	530
42.4	530
59.1	530
77.2	530
92.5	530
12.4	531
28.1	531
44.4	531
57.5	531
72.9	531
87.5	531
11.8	532
26.2	532
41.9	532
61.3	532
79.1	532
95	532
12.8	533
39.1	533
57.4	533
77.9	533
96.6	533
14.1	534
28.4	534
39.3	534
52.7	534
66.4	534
82	534
94.8	534
12.6	535
26.4	535
41.3	535
53.7	535
69.3	535
82.8	535
96.6	535
14.1	536
34.6	536
48.5	536
65.7	536
79.8	536
95.9	536
14.6	537
32.9	537
48.3	537
68.1	537
84.7	537
17.5	538
36.1	538
53.3	538
71.2	538
86.5	538
12.4	539
29.8	539
47.3	539
61.5	539
74.8	539
92.8	539
13.4	540
28	540
44	540
58.1	540
76.4	540
92.9	540
13.8	541
25.9	541
41.9	541
55.8	541
69.7	541
82.8	541
96.4	541
13.4	542
29.5	542
47.2	542
62.7	542
79.3	542
93.7	542
14.4	543
27	543
45.3	543
60.5	543
76.4	543
91.4	543
13.3	544
31.4	544
49.7	544
66.1	544
86.5	544
11.8	545
28.7	545
42.5	545
57.6	545
72.8	545
90	545
13.5	546
42	546
59.4	546
78.8	546
17.7	547
41.7	547
65.2	547
84.5	547
13.9	548
31.7	548
47.4	548
64.3	548
77	548
93.6	548
12	549
33.5	549
50.5	549
66.5	549
83	549
20.9	550
37.2	550
59	550
78	550
95.7	550
13	551
35.5	551
57.1	551
76.5	551
95.6	551
13.3	552
27.8	552
44.3	552
62.9	552
79.2	552
92	552
18.2	553
32.7	553
45.4	553
56.6	553
73.3	553
91.1	553
14.5	554
28	554
43.3	554
55.7	554
70.2	554
86.8	554
13.7	555
37.6	555
54.6	555
71.8	555
93.2	555
14.5	556
30.3	556
47.5	556
66	556
81.9	556
98.3	556
20.9	557
42.2	557
61.8	557
77.9	557
94.5	557
13.8	558
29.3	558
40.5	558
54.6	558
67.4	558
81.3	558
95.5	558
13	559
29.7	559
46.6	559
69.7	559
88.1	559
12	560
30.6	560
44.7	560
60.5	560
78.4	560
95.7	560
12.3	561
29.7	561
44.5	561
59.3	561
72.9	561
89.8	561
12.4	562
31.6	562
46.5	562
58.3	562
73.1	562
85.9	562
11.4	563
25.7	563
39.9	563
54.5	563
72.5	563
85.7	563
16.9	564
30.2	564
43	564
55.9	564
69.5	564
81.6	564
95.9	564
12	565
24.5	565
38.6	565
52.7	565
64.1	565
77.4	565
90.4	565
18.3	566
37.7	566
55.5	566
71.6	566
92.4	566
13.7	567
26.9	567
40.3	567
54.4	567
67.2	567
81.2	567
95	567
13.2	568
26.8	568
44.2	568
59.4	568
73.9	568
90.8	568
21.7	569
42.3	569
61.8	569
79.6	569
19.5	570
39.3	570
56.7	570
72.8	570
90.6	570
12.1	571
26	571
41.1	571
54	571
70.9	571
84.9	571
20.2	572
37.9	572
54.3	572
70	572
88.8	572
18.1	573
33.7	573
52.7	573
68.9	573
83.6	573
98.6	573
13.1	574
28.2	574
45.5	574
58.9	574
72.2	574
86.6	574
13.3	575
42.9	575
70.5	575
97.4	575
18.2	576
34	576
48.9	576
64.3	576
80.1	576
95.5	576
11.5	577
24.5	577
37.5	577
53.5	577
65.7	577
80	577
92.3	577
14.1	578
25.5	578
36.4	578
48.5	578
62.8	578
74.3	578
84.7	578
96.3	578
14	579
30.5	579
45.9	579
57.3	579
70.3	579
82.2	579
97	579
15.4	580
28.5	580
41.7	580
60.1	580
75.5	580
91.6	580
14.3	581
25.5	581
37.4	581
48.2	581
62	581
72.6	581
82.8	581
94.5	581
13.4	582
27.1	582
39.6	582
50.7	582
62	582
75	582
88.1	582
16.2	583
33.2	583
50.6	583
67	583
83	583
97.3	583
15.7	584
30	584
43.8	584
55.1	584
71.8	584
86.5	584
14.4	585
28.7	585
42.3	585
56.9	585
72.5	585
89.7	585
13.1	586
26.5	586
40.7	586
53.8	586
64.4	586
78.6	586
90.7	586
14.2	587
27.1	587
40.7	587
53.9	587
67.1	587
79.8	587
93.8	587
13.9	588
34.9	588
51.2	588
71.6	588
88.6	588
14.5	589
28.6	589
43	589
58.9	589
78.6	589
92.7	589
13.9	590
29.7	590
47.1	590
61.2	590
74.6	590
90.3	590
19.9	591
35.8	591
54.2	591
73.1	591
91.3	591
13.5	592
27.1	592
41.3	592
54.2	592
66.9	592
78.2	592
92.1	592
15.8	593
31.9	593
45.5	593
61.7	593
75.5	593
90.7	593
11.8	594
29.8	594
48.9	594
65	594
80.2	594
93	594
13.2	595
28.4	595
43.3	595
55.3	595
68.9	595
82.5	595
96.2	595
14.1	596
26.4	596
40.2	596
53.6	596
69.8	596
83.3	596
96.9	596
16.4	597
34.6	597
55.2	597
72.2	597
90.7	597
14	598
33.9	598
52.3	598
72.3	598
89.7	598
12.8	599
27.2	599
38.5	599
53.8	599
66.4	599
77.4	599
88.6	599
12.1	600
28	600
43.2	600
57.3	600
72.8	600
88.8	600
13.2	601
29.8	601
43.6	601
62.1	601
76.2	601
92.9	601
14	602
42.4	602
64.2	602
82	602
19.9	603
35.5	603
51	603
74.4	603
93.8	603
18.9	604
34	604
52.5	604
68.3	604
84	604
13.1	605
31.3	605
48.4	605
63.9	605
80.3	605
97.4	605
13.2	606
30.3	606
43.3	606
58.3	606
74.2	606
93.4	606
17.4	607
32.4	607
47.6	607
63.2	607
78.7	607
95.5	607
20.8	608
44.8	608
68.9	608
94.4	608
13.9	609
30.9	609
46.2	609
61.2	609
75.6	609
89.4	609
13.9	610
25.8	610
39.3	610
52.2	610
68	610
80.3	610
93.2	610
13.4	611
31.9	611
46.8	611
61.2	611
76.7	611
92.8	611
16.7	612
35	612
54.1	612
70.4	612
90.3	612
18.3	613
35.7	613
54.1	613
72.3	613
89.9	613
13.7	614
25.6	614
37.2	614
50.6	614
59.5	614
73.7	614
86.9	614
12.4	615
27.1	615
41.6	615
56.5	615
72.5	615
89.1	615
14.2	616
27.8	616
41.7	616
55	616
67.4	616
82	616
97.9	616
12	617
30.1	617
47.2	617
64.8	617
82.5	617
18	618
37	618
52.5	618
70.9	618
86.2	618
12.2	619
27.1	619
38.7	619
52.3	619
63.6	619
76.7	619
91.5	619
12.9	620
24.9	620
36.2	620
48.4	620
61.5	620
75.8	620
88.9	620
13.8	621
29.7	621
46.7	621
61.5	621
77.4	621
93.2	621
12.4	622
24.5	622
38	622
51.8	622
64.8	622
75.4	622
87.3	622
14.4	623
28.1	623
42.5	623
56.7	623
70.1	623
82	623
95.8	623
12.2	624
26.7	624
41.5	624
53.8	624
71.4	624
86.7	624
16.8	625
31.4	625
46.8	625
61.4	625
77.6	625
92.8	625
17.7	626
33.7	626
51.1	626
68.4	626
83.6	626
98.6	626
19.2	627
34.8	627
52	627
65.5	627
82.3	627
96.9	627
13.3	628
28	628
41.9	628
56.1	628
70.7	628
82.7	628
96.8	628
18	629
35.2	629
51.7	629
71.7	629
88.1	629
19.4	630
34	630
49.1	630
63.9	630
81.1	630
13.8	631
40.7	631
70.6	631
88.6	631
20.5	632
38	632
56.3	632
74	632
94.9	632
17.3	633
30.6	633
43.7	633
57.3	633
71	633
83.1	633
97.5	633
13.9	634
29.5	634
47.9	634
62.3	634
79.5	634
94.2	634
12	635
26.9	635
40.8	635
55.4	635
67.1	635
80.6	635
95.7	635
13.1	636
31.8	636
49.2	636
67.1	636
88.6	636
11.8	637
25.3	637
39.9	637
55.7	637
70.1	637
84	637
98.6	637
13	638
35.2	638
52.6	638
74.1	638
94.4	638
12.9	639
29.8	639
45.4	639
60.6	639
76.3	639
91.3	639
14.2	640
28.4	640
43.5	640
56.8	640
72.7	640
85.6	640
16.3	641
31.5	641
46.8	641
62.9	641
80.7	641
13.8	642
28.4	642
45.9	642
63.5	642
79.2	642
97.1	642
15	643
29.7	643
44.4	643
59.8	643
74.4	643
86.8	643
12.3	644
25	644
37.5	644
49.5	644
62.1	644
78.2	644
92	644
13	645
27.9	645
43.5	645
57.7	645
71.5	645
84.3	645
13.4	646
32.9	646
49.3	646
69	646
86.9	646
11.1	647
36.9	647
65.3	647
90.1	647
19.6	648
37.6	648
58.1	648
74.4	648
91.4	648
13.1	649
29.4	649
43	649
59.5	649
76.4	649
88.4	649
13	650
28	650
41.4	650
55	650
68.9	650
85.2	650
12.3	651
27.7	651
44.6	651
59.7	651
75.9	651
91.2	651
21.5	652
40	652
61.5	652
79.6	652
96.8	652
12.8	653
28	653
45.6	653
64.3	653
77.9	653
97.2	653
12.5	654
29.5	654
47.5	654
65.2	654
79.9	654
96.9	654
19.8	655
34.2	655
50.6	655
67.5	655
80.7	655
93.8	655
14.1	656
28.8	656
43	656
57.4	656
74	656
88.2	656
16.4	657
30.1	657
43.5	657
57.9	657
76.2	657
90.1	657
12	658
28.5	658
42.4	658
59.9	658
77.9	658
96.7	658
13.1	659
34.5	659
54.5	659
73.1	659
95	659
13.9	660
30.5	660
46.6	660
63	660
82.7	660
12.4	661
31.7	661
49	661
67.6	661
88	661
11.9	662
32	662
52.9	662
72.1	662
96.8	662
14.4	663
26.6	663
35.8	663
46.9	663
58.4	663
70.3	663
82.4	663
92.7	663
16	664
33.5	664
49	664
65.1	664
78.2	664
91.7	664
18.2	665
38.5	665
55.5	665
74.3	665
88.1	665
18.2	666
33.1	666
49.3	666
65.7	666
81.8	666
97.7	666
14.4	667
27.4	667
41.9	667
57.4	667
72.8	667
89.4	667
16.7	668
30.2	668
45.8	668
61.1	668
77.3	668
93.8	668
15.4	669
28.6	669
42.8	669
54.3	669
70.2	669
83.4	669
97	669
17	670
30.2	670
45.5	670
63.4	670
79.5	670
93	670
13	671
27.2	671
42.5	671
57	671
71.2	671
88.7	671
12.4	672
28.6	672
49	672
65.4	672
80.6	672
97.8	672
14.7	673
27.9	673
42.4	673
56	673
66.2	673
81.7	673
95.8	673
13.5	674
32.2	674
48.4	674
63.4	674
80.9	674
96.3	674
17.5	675
32	675
47.4	675
61.4	675
77.6	675
92.8	675
18.5	676
31.4	676
43.8	676
57.7	676
72.7	676
87.7	676
13.7	677
30.3	677
53.4	677
73.1	677
92.8	677
12.9	678
23.3	678
36.1	678
50.1	678
63.2	678
74.5	678
87.8	678
12.7	679
29	679
44.4	679
62.2	679
79.6	679
95	679
13.2	680
34.8	680
54.1	680
73.4	680
97.3	680
20.7	681
38.2	681
54.6	681
74.2	681
91	681
13.6	682
31.3	682
47.7	682
63.3	682
79.5	682
94.6	682
13.2	683
28.9	683
44.6	683
60.1	683
76.3	683
91.8	683
12.4	684
26.1	684
38.3	684
53.4	684
66.4	684
79.7	684
94.4	684
14.1	685
28.7	685
41.6	685
55.8	685
67.3	685
80.5	685
92.7	685
14	686
31.3	686
49	686
63.8	686
82	686
98.6	686
13.2	687
26.9	687
41.2	687
59.5	687
74	687
91.3	687
12.5	688
32.9	688
50.3	688
71.4	688
90.4	688
13.6	689
29	689
43.7	689
58.1	689
71.8	689
88.7	689
13.5	690
31.3	690
48.7	690
64.8	690
82	690
98.6	690
18.2	691
40.8	691
59.4	691
77.6	691
12.5	692
32.3	692
48.2	692
63	692
78	692
93	692
13.7	693
28.7	693
46.8	693
59.8	693
76.5	693
91.8	693
12.7	694
31.4	694
54	694
76	694
92.6	694
13.4	695
36.6	695
55.8	695
76	695
12.7	696
32.6	696
51.5	696
67.6	696
85	696
13.2	697
31.3	697
47.2	697
62.6	697
77.6	697
89.6	697
11.7	698
27	698
39.2	698
54	698
69.9	698
85.1	698
13.5	699
29.7	699
48.8	699
63.8	699
77.9	699
92.7	699
14.8	700
28.6	700
43	700
55.1	700
71.1	700
84.8	700
98.2	700
12.9	701
28.5	701
43.7	701
59.2	701
72.4	701
87.7	701
13.5	702
32.7	702
49	702
65.3	702
80.2	702
13.3	703
34.2	703
56.4	703
77.3	703
93.9	703
12.6	704
36.2	704
58.5	704
85.3	704
17	705
33.6	705
51.1	705
64.7	705
77.6	705
93.1	705
13.5	706
27.7	706
42.1	706
56.3	706
74	706
91.6	706
22.1	707
38.1	707
58.6	707
80.1	707
98.3	707
15.5	708
27.8	708
42.8	708
55.7	708
68.5	708
81.4	708
95.4	708
13	709
30.3	709
48.3	709
64.3	709
81.5	709
97.2	709
14.3	710
30.1	710
44.1	710
59.5	710
74.6	710
90.9	710
13.8	711
29.7	711
48.1	711
67.1	711
81.2	711
15.5	712
32.3	712
47.7	712
63.8	712
80.8	712
96.6	712
13.9	713
28.4	713
42.9	713
58	713
74.1	713
89	713
13.4	714
28.7	714
39.9	714
53.7	714
66.9	714
78.5	714
92.5	714
13.1	715
31.5	715
47.1	715
62.7	715
78.4	715
93.5	715
11.1	716
28.4	716
43.7	716
59.4	716
72.4	716
86.3	716
13.4	717
33.7	717
53.4	717
72.5	717
91.5	717
12.1	718
42.4	718
65.4	718
94.9	718
12.7	719
52.6	719
17.8	720
33.1	720
47.3	720
62.4	720
78	720
90.8	720
13	721
31.3	721
48.4	721
68.1	721
83.7	721
98.9	721
16.2	722
29.7	722
44.7	722
60.7	722
74.1	722
93.4	722
11.1	723
25.3	723
40.5	723
55.4	723
72.6	723
87	723
15.1	724
31.5	724
44.7	724
58.6	724
73.9	724
89	724
14.8	725
28.7	725
43.8	725
58.8	725
72.1	725
85.2	725
97.3	725
19.6	726
36.7	726
55.9	726
73.4	726
90.9	726
13	727
27.3	727
43.4	727
56.4	727
68.4	727
83.7	727
97.6	727
15.2	728
29.4	728
44.6	728
59.8	728
73.2	728
89.8	728
14.7	729
29.5	729
42.4	729
58.1	729
74.7	729
89.7	729
14.7	730
31.5	730
46.5	730
62	730
78.6	730
93.4	730
12.2	731
27.1	731
43.3	731
59.1	731
74.4	731
90.8	731
13.6	732
27.7	732
38.9	732
49.8	732
61.8	732
75	732
86.8	732
11.9	733
38	733
53	733
76.9	733
95.5	733
13.3	734
30.2	734
48.9	734
65.6	734
81.4	734
18.6	735
34.2	735
50.3	735
72.1	735
88.5	735
12.4	736
31.1	736
45.7	736
59.8	736
74.5	736
88.5	736
18.9	737
33.3	737
50.4	737
64.6	737
80.4	737
96.1	737
17.8	738
39.6	738
58.1	738
77.6	738
13.5	739
35.9	739
55.1	739
74.1	739
95.1	739
13.2	740
27.1	740
41	740
54.3	740
71	740
84	740
97	740
13.4	741
28.6	741
45.1	741
61	741
78	741
91.7	741
12.8	742
28.7	742
44	742
59.7	742
77.4	742
95.5	742
15.4	743
28.8	743
42.7	743
55.8	743
68.6	743
80.5	743
92.8	743
12.6	744
25.6	744
39.5	744
53.3	744
69	744
83.6	744
96.6	744
11.8	745
29.7	745
43.5	745
57.4	745
72.4	745
87.9	745
19.4	746
37.4	746
53.5	746
68.1	746
83.2	746
97	746
13.8	747
25.7	747
40.7	747
54	747
69.6	747
84.4	747
95.7	747
13	748
29.9	748
43.2	748
59.4	748
75.6	748
93.3	748
20.6	749
38.6	749
56.3	749
74.2	749
92	749
13.5	750
33.2	750
48.9	750
70.9	750
88.2	750
17.8	751
36	751
51.5	751
65.4	751
83.1	751
97.3	751
13.7	752
30.8	752
48.9	752
67	752
81.9	752
96.7	752
14.2	753
28.4	753
43.4	753
58.1	753
74.2	753
88	753
10.5	754
26.3	754
41.6	754
55.5	754
74.2	754
91.7	754
13.4	755
26.9	755
39.3	755
49.4	755
62.6	755
74.8	755
88.8	755
13.6	756
32.6	756
50.3	756
70.5	756
95.2	756
17.3	757
30.2	757
45	757
59.7	757
76.2	757
90.9	757
13.3	758
33.2	758
48.2	758
62.3	758
81.9	758
15.3	759
29.1	759
45	759
61.1	759
79	759
95.5	759
14.1	760
27.1	760
41.4	760
54.4	760
67.6	760
80.5	760
95.4	760
14.4	761
28.6	761
41.7	761
55.1	761
67.7	761
79.8	761
94.1	761
11.7	762
27.7	762
42.9	762
58.2	762
72.4	762
86.5	762
15.8	763
26.7	763
38.5	763
51.5	763
63.3	763
77.2	763
92.1	763
19.7	764
38.4	764
53.6	764
71.1	764
94.9	764
12.6	765
29.6	765
45.7	765
66.5	765
83.5	765
13	766
33.5	766
56.2	766
77.8	766
96.9	766
12.5	767
26.3	767
40.3	767
54.4	767
68.3	767
82.7	767
96.5	767
13.4	768
28.8	768
48.5	768
67	768
85.7	768
13.1	769
27.2	769
39.6	769
50.7	769
63.6	769
75.3	769
89.5	769
13.8	770
25.3	770
36.9	770
50	770
63.8	770
78.7	770
91.1	770
12.7	771
36.8	771
53.9	771
73.3	771
92	771
13.9	772
27	772
40.8	772
54.9	772
66.9	772
79.6	772
92.5	772
13.6	773
28.1	773
42.3	773
55.4	773
72	773
85.6	773
97.8	773
12.5	774
31.4	774
47.7	774
64	774
80.3	774
97.1	774
10.8	775
23.1	775
40	775
55.7	775
72.2	775
84.9	775
99	775
16.6	776
30.1	776
46.9	776
62.2	776
78.1	776
91.9	776
20.9	777
41.8	777
66	777
90.2	777
12.3	778
26.7	778
42.8	778
59.6	778
73.6	778
88.5	778
12.2	779
27.8	779
43.5	779
59.7	779
75.6	779
90.9	779
11.6	780
28.1	780
44.9	780
62.2	780
78.1	780
94.4	780
13.3	781
33.8	781
50.2	781
66.3	781
81	781
95.6	781
12.8	782
29.1	782
44.9	782
58.9	782
71.4	782
85	782
14.1	783
31.2	783
47	783
63.1	783
76.5	783
91.2	783
13.8	784
29.7	784
44.8	784
61.5	784
74.2	784
93.8	784
13.9	785
30.8	785
52.3	785
70	785
85.9	785
14.7	786
28.6	786
40.3	786
51.5	786
64.1	786
76.9	786
92.8	786
15.9	787
30.7	787
47.9	787
62	787
78	787
91.2	787
20.7	788
40	788
61	788
82.1	788
13.6	789
28.5	789
41.2	789
58.9	789
76.6	789
90.7	789
12.5	790
30	790
45.5	790
63.8	790
76.2	790
90	790
12.9	791
28.7	791
43.3	791
58.9	791
72.7	791
88	791
12.3	792
29.4	792
45.3	792
61.5	792
80.3	792
96.1	792
13.1	793
29.6	793
50.7	793
68	793
87.1	793
13.5	794
30.4	794
47.2	794
63.4	794
81.8	794
96.3	794
13.1	795
29.6	795
42.2	795
58.5	795
72.2	795
85.3	795
12.7	796
29.9	796
47.1	796
62.5	796
77.8	796
97.7	796
15.1	797
29.6	797
43.1	797
57.8	797
71.3	797
85.3	797
14	798
26.2	798
40.5	798
51.7	798
64.8	798
80.7	798
95.2	798
14.1	799
28.3	799
47.2	799
64.6	799
80.3	799
95.5	799
13.9	800
27.1	800
38.1	800
51.4	800
63.8	800
76.4	800
87.7	800
19.1	801
38	801
56.6	801
80.5	801
96.9	801
14.9	802
30.6	802
44.3	802
60.6	802
75.2	802
90.8	802
12.9	803
26.5	803
43.6	803
58.9	803
74.6	803
89.1	803
11.8	804
31.8	804
47.4	804
61.3	804
78.8	804
95.3	804
20	805
33.7	805
53	805
72.1	805
91.8	805
16.9	806
32.4	806
50.3	806
64.1	806
80.8	806
94.5	806
13.4	807
29.8	807
48.8	807
66.8	807
89.6	807
13.7	808
27.9	808
43.2	808
57.1	808
72.6	808
90.3	808
12.2	809
26.5	809
41.1	809
56.8	809
71.6	809
85.5	809
14.6	810
29.9	810
44.1	810
57.4	810
72.6	810
88.6	810
13.4	811
28.2	811
42.9	811
57.6	811
73	811
84.9	811
97.5	811
13.4	812
28.3	812
38.7	812
52.1	812
66.4	812
80.4	812
93.9	812
14	813
35.4	813
51.3	813
70.7	813
86.5	813
12.6	814
26.6	814
41.9	814
58.1	814
71.2	814
83.6	814
95.4	814
12.7	815
31.4	815
47.3	815
64.2	815
80.6	815
97.2	815
13.7	816
31.4	816
47.5	816
61.4	816
79.3	816
94.4	816
17.2	817
31.3	817
44.7	817
59.5	817
74.7	817
88.4	817
13.9	818
28.6	818
42.2	818
55.7	818
70.9	818
83.7	818
96.4	818
13.5	819
28.2	819
39.8	819
52.1	819
66.3	819
80.2	819
94.3	819
14.1	820
32	820
56.6	820
73.2	820
91.1	820
14.3	821
35	821
54.7	821
75.7	821
94.6	821
13.5	822
28.7	822
48.2	822
65.8	822
82.1	822
98.3	822
12.1	823
26.1	823
42.3	823
58.2	823
72.6	823
86.1	823
14	824
32.3	824
50	824
66.3	824
81.2	824
95.8	824
13.5	825
26.7	825
38.7	825
55.2	825
67.9	825
81.1	825
95.6	825
15.4	826
28.8	826
41.9	826
54.7	826
67.5	826
81.4	826
96	826
13.6	827
30.3	827
43.6	827
58.2	827
73.9	827
88.5	827
19.2	828
39.2	828
57.3	828
74.8	828
96	828
16.9	829
29.6	829
41.8	829
55.7	829
68.5	829
80.6	829
93.4	829
13.9	830
28.2	830
46.9	830
65.3	830
80.5	830
96.6	830
12	831
28.7	831
41.8	831
56.5	831
69.4	831
82	831
96.2	831
15.6	832
31.3	832
47.4	832
64	832
80.3	832
92.3	832
18.9	833
36.8	833
55.5	833
73.1	833
87.9	833
12.6	834
29.7	834
46.6	834
64.4	834
80.1	834
94.3	834
18.5	835
36.4	835
53.9	835
70.6	835
88.6	835
12.7	836
27.2	836
42.7	836
59	836
74	836
88.9	836
13.6	837
29	837
41.6	837
53.1	837
68.2	837
81.3	837
93.3	837
19.6	838
36.4	838
53.9	838
70.6	838
89.1	838
15.7	839
31.1	839
44.6	839
60.5	839
74.8	839
89.3	839
13.2	840
28.6	840
45.6	840
67.4	840
90.7	840
19.7	841
35	841
50.3	841
67.6	841
83.8	841
17.4	842
36.7	842
52.4	842
71	842
86.1	842
10.9	843
24.9	843
41.5	843
55.5	843
69.7	843
84.1	843
97	843
14.9	844
29.6	844
40.3	844
53.6	844
65.8	844
78.5	844
88	844
13.5	845
29.5	845
44	845
58.2	845
71.6	845
84.8	845
97.2	845
13.9	846
33.9	846
48.9	846
70.5	846
90.6	846
15.9	847
30.8	847
47.8	847
61.9	847
78.1	847
95.3	847
12.5	848
30	848
44.7	848
59.4	848
74.4	848
89.8	848
12.8	849
28.8	849
43.6	849
61.2	849
78.2	849
91.7	849
14.1	850
31.5	850
47.6	850
63.2	850
80.1	850
97.1	850
13.9	851
27.3	851
40.6	851
54.1	851
70.2	851
81.5	851
95.7	851
13.5	852
32.7	852
46.3	852
61.7	852
79.5	852
93.6	852
13.4	853
26.3	853
37.3	853
50.3	853
62.2	853
74.6	853
86.5	853
97.2	853
11.5	854
28.1	854
45.4	854
61.4	854
78.3	854
94.2	854
13.5	855
33.3	855
49.8	855
68.1	855
87.3	855
12.4	856
30.2	856
45	856
61.2	856
76.4	856
93.4	856
19.7	857
38.4	857
55.7	857
72.9	857
89.6	857
13.2	858
30.8	858
54.2	858
71.3	858
91.9	858
12.5	859
27.1	859
41.3	859
55	859
68.9	859
82.8	859
96	859
13.2	860
26.9	860
43.9	860
56.2	860
70.8	860
86.4	860
11.6	861
39.8	861
59.3	861
80.4	861
16.6	862
33.6	862
54.3	862
70.5	862
86.3	862
16.4	863
31.3	863
48.9	863
67.4	863
83.1	863
13.6	864
29	864
43.2	864
61.1	864
77.8	864
95.4	864
14.1	865
32.9	865
48.5	865
69.3	865
84.1	865
13.5	866
29.4	866
47.4	866
64.4	866
81.3	866
97.4	866
15.8	867
33.1	867
47.9	867
62.3	867
78.1	867
92.9	867
14.1	868
31.8	868
49.9	868
68.2	868
85.7	868
19.8	869
37.7	869
52	869
69.2	869
82.5	869
97	869
14.8	870
29.7	870
43.8	870
60.6	870
76.2	870
92.1	870
13.9	871
30.1	871
47.1	871
63.1	871
79.9	871
97.2	871
13.6	872
33.6	872
47.7	872
64.2	872
79.4	872
92	872
13.9	873
37.7	873
54.5	873
79	873
16.5	874
30.9	874
46.1	874
61.4	874
75.3	874
91.7	874
12.9	875
30.7	875
49	875
65.9	875
84.9	875
12.2	876
28.4	876
41.5	876
56.8	876
71	876
85.2	876
12.6	877
36.2	877
56.1	877
75.8	877
95.2	877
18.8	878
35	878
51.1	878
70.5	878
86.8	878
13.7	879
28.3	879
41.3	879
53.6	879
65.5	879
79	879
91.7	879
16.6	880
28.9	880
42.9	880
54.9	880
70.6	880
82.6	880
96.3	880
12.5	881
24.9	881
40.3	881
54	881
68.3	881
81	881
95.3	881
14.9	882
28.9	882
41.9	882
55.3	882
68.8	882
83.1	882
97.7	882
18.4	883
33.7	883
50.2	883
65.3	883
81.5	883
97.5	883
13.3	884
31.6	884
47.9	884
68.7	884
83.7	884
12.6	885
26.3	885
40.5	885
51.8	885
67.7	885
80.1	885
95.9	885
14.5	886
27.9	886
41.9	886
53.5	886
65.2	886
78.2	886
90.3	886
13.9	887
27	887
41.8	887
57.4	887
71.5	887
85	887
13.8	888
27.4	888
44.8	888
62.8	888
77.2	888
92	888
12.6	889
33	889
53.5	889
73.5	889
93.3	889
12.6	890
28.5	890
43.7	890
58.2	890
77	890
93.9	890
14.9	891
28	891
41.3	891
53.1	891
66.3	891
78.9	891
94.5	891
13.7	892
26.6	892
40.8	892
53.7	892
66.4	892
81.4	892
95.6	892
18.2	893
35.6	893
54	893
72.4	893
89.5	893
13.1	894
33	894
49.6	894
66.4	894
83.7	894
12.2	895
24.3	895
34.9	895
47.5	895
60	895
73	895
86.1	895
98.9	895
17.5	896
33	896
52.1	896
70.6	896
88.8	896
13.1	897
34	897
50.8	897
69	897
89.9	897
13.5	898
33.2	898
50.5	898
65.8	898
82.3	898
13.1	899
25	899
41.6	899
55.6	899
70.1	899
84.4	899
11.7	900
27.1	900
44.9	900
56.8	900
72.3	900
88.9	900
13.5	901
30.3	901
44.3	901
58.9	901
73	901
89.2	901
15.9	902
30.8	902
46	902
61.4	902
76.9	902
95.3	902
19.8	903
39.3	903
56.1	903
80.9	903
14.5	904
29.8	904
43.6	904
58.1	904
71.7	904
87.4	904
12.9	905
32.2	905
48.5	905
63.3	905
78.2	905
92.3	905
14.7	906
27.7	906
41	906
52.2	906
64.3	906
79.3	906
90.2	906
18.3	907
36.3	907
53.7	907
71.1	907
88.9	907
13	908
31	908
42.9	908
61.9	908
77	908
92.8	908
14.7	909
32.3	909
51.4	909
69.5	909
88.2	909
13.1	910
26.6	910
38.3	910
52.2	910
63.8	910
76.5	910
90	910
20.5	911
33.8	911
52.1	911
71.8	911
88.5	911
13.1	912
28.8	912
43.7	912
62.4	912
77.3	912
88.8	912
12.1	913
29.7	913
44.1	913
61.2	913
77.8	913
92.8	913
13	914
28.8	914
44.8	914
58.9	914
76.1	914
91.9	914
12.5	915
38	915
62.8	915
83.3	915
12.7	916
27.1	916
43.5	916
60.3	916
76.8	916
95.7	916
12.3	917
34.3	917
57.3	917
76.8	917
97.2	917
15.2	918
29.9	918
44	918
56.4	918
72.6	918
86.1	918
12.5	919
24.9	919
40.6	919
55.7	919
72.6	919
86	919
13.5	920
28.5	920
45.6	920
58.7	920
73.6	920
84.8	920
14	921
30	921
48.1	921
63.1	921
81.2	921
95.8	921
13.9	922
26.8	922
42.7	922
56.1	922
69.4	922
81.8	922
95.3	922
17.9	923
33	923
47.4	923
63.4	923
78.1	923
92.8	923
13.3	924
28.4	924
42.3	924
53	924
66.6	924
84.8	924
97.2	924
11.7	925
24.9	925
40	925
54.9	925
68.8	925
83.8	925
97.3	925
11.7	926
28.2	926
41.8	926
55.5	926
70.1	926
85.4	926
15.8	927
30.7	927
45.2	927
60.8	927
74.9	927
90.3	927
15	928
27.5	928
39.5	928
52.9	928
63.1	928
77	928
90.5	928
13	929
30.2	929
46.6	929
59.6	929
74.5	929
90.4	929
20.1	930
38	930
54.3	930
71.9	930
92.3	930
17.2	931
34.3	931
50.5	931
67.5	931
81.1	931
18.5	932
31.9	932
46.8	932
62.6	932
77.2	932
92.5	932
13.2	933
28.8	933
44.5	933
60.9	933
74.7	933
96.1	933
12.5	934
29.2	934
42.7	934
56.8	934
69.7	934
84.7	934
97.4	934
17.7	935
35.3	935
53.4	935
67	935
85.8	935
15.1	936
33.4	936
48.1	936
64.3	936
79.4	936
94.1	936
13.7	937
34	937
50	937
67.9	937
84.7	937
12.8	938
32.1	938
49	938
67.4	938
80.5	938
96.7	938
12.8	939
29.7	939
43.6	939
59.5	939
74.7	939
89.5	939
11.7	940
28.7	940
47.6	940
66.5	940
84.3	940
14	941
27.6	941
41.2	941
55.8	941
68.9	941
81	941
95.2	941
20	942
38.7	942
56.3	942
78	942
97	942
12.5	943
29.7	943
43.5	943
58.4	943
72.7	943
88.3	943
13.1	944
28.6	944
45.8	944
62	944
79.4	944
96.2	944
13.6	945
29.7	945
50.1	945
67.7	945
82	945
98.8	945
13.7	946
29.3	946
44.1	946
58	946
72.9	946
89.3	946
12.2	947
27.1	947
43.6	947
56.9	947
72	947
87.9	947
16.8	948
33.1	948
45.9	948
59.7	948
74	948
88.6	948
13.9	949
28.4	949
41.6	949
52.8	949
67.2	949
81.1	949
94.3	949
13.6	950
28.4	950
44.5	950
57.3	950
72.7	950
87.5	950
18	951
33.6	951
50	951
64.1	951
79	951
94.2	951
13.8	952
28.7	952
43.2	952
58.7	952
72.7	952
88.3	952
18.2	953
33.5	953
54	953
75.4	953
96	953
14.3	954
31.3	954
45.7	954
60.9	954
74.2	954
88.8	954
16	955
35	955
51.3	955
66	955
77	955
92.8	955
14.2	956
27.5	956
43.3	956
57.5	956
73.3	956
89.1	956
12.7	957
26.1	957
39.7	957
52.8	957
66.9	957
79.7	957
92.7	957
12.4	958
27.1	958
44	958
62.1	958
77.8	958
96.1	958
13.8	959
27.2	959
40.7	959
55	959
68.3	959
82.2	959
97.9	959
14.3	960
31.8	960
46.7	960
60.6	960
74.5	960
89.3	960
13.3	961
30.1	961
47.4	961
64.1	961
81.4	961
96.3	961
17.5	962
36.7	962
51	962
65.2	962
83.3	962
13.4	963
24.6	963
36.8	963
49	963
62.9	963
75.9	963
87.9	963
12.3	964
26.1	964
40.8	964
54.5	964
72.4	964
83.7	964
12.5	965
27.7	965
45.2	965
60.4	965
77.1	965
92.4	965
13.4	966
30.2	966
47.3	966
62.4	966
84.8	966
14.3	967
30.3	967
45.5	967
59	967
74.8	967
89.5	967
12.9	968
29.8	968
44.8	968
56.9	968
71.3	968
87.5	968
98.6	968
12.8	969
28.5	969
47.3	969
61.3	969
77.8	969
94.5	969
13.5	970
28.1	970
43.2	970
58.2	970
73.2	970
86	970
13.1	971
29.5	971
47.6	971
64	971
79.8	971
97.9	971
12.6	972
29.8	972
46.8	972
60.5	972
78.7	972
96	972
12.8	973
27.3	973
42.1	973
55.5	973
71.5	973
86.9	973
15.7	974
29.8	974
40.4	974
54.9	974
67.3	974
82.1	974
95.9	974
13.7	975
34.8	975
53	975
69	975
95	975
13.2	976
33.7	976
50.2	976
65.1	976
80.7	976
18.1	977
30.9	977
45.8	977
60	977
78	977
94.5	977
11.9	978
26.3	978
41.2	978
54.3	978
72.8	978
89.5	978
18.6	979
42.4	979
61.5	979
78.7	979
95.2	979
11.9	980
26.9	980
42.1	980
58.4	980
74.5	980
92.7	980
13.1	981
31	981
45.6	981
62.1	981
78.7	981
94.9	981
13.1	982
26.6	982
41.7	982
61.1	982
77.9	982
93.9	982
13.3	983
30	983
42.8	983
61.2	983
79.9	983
96.1	983
12	984
26.8	984
43.6	984
55.6	984
72.1	984
89.3	984
15.3	985
33.5	985
50	985
73.2	985
92.5	985
14.2	986
29.4	986
44.2	986
56.7	986
69.6	986
81.7	986
95	986
13.3	987
33.2	987
50.6	987
69.6	987
87.5	987
13.6	988
29.7	988
45	988
56.6	988
73.1	988
88.2	988
13.5	989
32.2	989
52.1	989
67.6	989
82.8	989
16.4	990
33	990
48	990
63.1	990
77.3	990
93.7	990
15.1	991
29	991
42.2	991
55.9	991
71	991
86.5	991
13.3	992
31	992
53.4	992
72.5	992
89.6	992
18.3	993
31	993
46.6	993
61.1	993
78.2	993
93.7	993
13.8	994
27.8	994
42.8	994
56.2	994
69.8	994
87.9	994
96.8	994
16.3	995
30.4	995
46.1	995
60.2	995
73.4	995
89.3	995
20	996
35.8	996
51.4	996
68	996
80.8	996
97.8	996
13.9	997
30.1	997
46.6	997
65.8	997
83.9	997
14.3	998
30.3	998
46.2	998
61.4	998
79.5	998
95	998
15.9	999
35.1	999
49	999
62	999
80.6	999
96.8	999
12.6	1000
33.8	1000
49.1	1000
66.8	1000
85.8	1000
14.2	1001
28.3	1001
42.4	1001
55.4	1001
69.1	1001
79.9	1001
93.3	1001
11.7	1002
29.5	1002
48.2	1002
68.2	1002
86	1002
13.8	1003
33.4	1003
49.3	1003
67	1003
84.5	1003
13.6	1004
26	1004
36.9	1004
49	1004
59.8	1004
72.7	1004
85.3	1004
98	1004
13	1005
30.7	1005
47.8	1005
62.8	1005
80.3	1005
94	1005
13.8	1006
25.8	1006
37.1	1006
50.6	1006
61.5	1006
78.2	1006
92.3	1006
14.2	1007
30.9	1007
48	1007
64.2	1007
78.8	1007
95.9	1007
12.4	1008
30.2	1008
53.6	1008
73.6	1008
94.8	1008
18.4	1009
41.7	1009
68.5	1009
85.6	1009
12.9	1010
27.9	1010
40.9	1010
57.5	1010
72	1010
85.2	1010
13.9	1011
26.9	1011
42.1	1011
56.5	1011
75.4	1011
95.3	1011
17.6	1012
32.9	1012
51.4	1012
71.2	1012
87.3	1012
13	1013
30.2	1013
47.2	1013
63.8	1013
79.9	1013
95.8	1013
18.1	1014
36.7	1014
54.3	1014
72.7	1014
95.5	1014
13.4	1015
32.3	1015
46.4	1015
62.1	1015
79.7	1015
95.1	1015
16.3	1016
33.7	1016
45.9	1016
64	1016
82.1	1016
97.3	1016
13.1	1017
27.4	1017
41.2	1017
58.7	1017
74.4	1017
86.9	1017
12.5	1018
28.9	1018
44.8	1018
57.9	1018
74.5	1018
93.9	1018
13.2	1019
33.7	1019
49.5	1019
66.8	1019
81.8	1019
96.1	1019
13.9	1020
27.8	1020
42.6	1020
58.1	1020
74	1020
89	1020
14	1021
29.3	1021
44.9	1021
59.8	1021
76.8	1021
89.4	1021
12.7	1022
29.4	1022
46.8	1022
61.3	1022
76.6	1022
92.4	1022
13.6	1023
28.7	1023
43.1	1023
59.1	1023
73.2	1023
85.5	1023
99	1023
18.7	1024
35.1	1024
50	1024
64.7	1024
79.5	1024
96.3	1024
13.8	1025
26.8	1025
41.9	1025
56.9	1025
70.2	1025
83.8	1025
98.2	1025
14.2	1026
28.4	1026
43.4	1026
58.3	1026
74.6	1026
90.2	1026
12.8	1027
28.4	1027
43.7	1027
58.6	1027
78.7	1027
95.3	1027
13.6	1028
35.1	1028
58.5	1028
83	1028
16.8	1029
27.8	1029
42.2	1029
58.3	1029
75.4	1029
88.5	1029
13.3	1030
25.6	1030
37.1	1030
49.9	1030
61.7	1030
75.5	1030
87.1	1030
98.4	1030
13.7	1031
31.5	1031
48	1031
66.2	1031
83.4	1031
12.8	1032
25.2	1032
39.2	1032
53.6	1032
65	1032
76.7	1032
89.6	1032
13	1033
28.9	1033
44	1033
62.9	1033
79.8	1033
96.4	1033
13.8	1034
26.2	1034
38	1034
51.5	1034
64.6	1034
77.8	1034
89.5	1034
18.2	1035
35.2	1035
52.1	1035
68.5	1035
88.5	1035
18	1036
39.2	1036
58.1	1036
74.8	1036
91.6	1036
13.9	1037
30	1037
46.1	1037
59.9	1037
77.4	1037
92.9	1037
12.8	1038
24.9	1038
37.1	1038
51.9	1038
67.1	1038
80.2	1038
92.1	1038
11.9	1039
24.2	1039
36.5	1039
49.4	1039
63.2	1039
75.8	1039
87.4	1039
13.6	1040
29.8	1040
43.6	1040
57.8	1040
74.1	1040
87.4	1040
18	1041
33.7	1041
49	1041
66.9	1041
84.6	1041
13.1	1042
31.3	1042
47.7	1042
63.7	1042
79.9	1042
96.6	1042
12.4	1043
25.5	1043
38.9	1043
53.1	1043
66.2	1043
80.6	1043
93	1043
13.5	1044
32.8	1044
47	1044
66.4	1044
81.6	1044
13.8	1045
32.1	1045
48.2	1045
67.3	1045
82.2	1045
13.9	1046
36.5	1046
52.9	1046
72.5	1046
96.1	1046
13.3	1047
25.6	1047
39.1	1047
54.2	1047
64.9	1047
80.9	1047
95.8	1047
12.6	1048
32.9	1048
52.7	1048
72.2	1048
85.2	1048
22.3	1049
42.9	1049
63.6	1049
93.4	1049
11.3	1050
25	1050
40.4	1050
54.1	1050
66.7	1050
81.8	1050
96.1	1050
12	1051
29.7	1051
44.5	1051
59.3	1051
75.7	1051
92	1051
13.2	1052
34.5	1052
55.3	1052
79.5	1052
97	1052
14	1053
29.9	1053
42	1053
57.2	1053
71.9	1053
88.8	1053
17.2	1054
32.9	1054
49.6	1054
65.9	1054
81.4	1054
98.4	1054
15	1055
36.6	1055
56.1	1055
74.4	1055
91.7	1055
14.1	1056
27.4	1056
41	1056
56.8	1056
71.9	1056
85.5	1056
13.5	1057
38.4	1057
60.6	1057
79.9	1057
12.9	1058
34.3	1058
56	1058
80.2	1058
14.1	1059
24.8	1059
35.4	1059
46.1	1059
58.3	1059
70.3	1059
82.3	1059
93.2	1059
13.2	1060
28.1	1060
42.5	1060
54.9	1060
70	1060
84.5	1060
97.5	1060
12.7	1061
26.2	1061
40.7	1061
56.5	1061
74.3	1061
91.6	1061
12.8	1062
31.1	1062
49.1	1062
69.8	1062
88.8	1062
18.2	1063
32.2	1063
47.7	1063
62.8	1063
79	1063
95.4	1063
13.8	1064
30.3	1064
50.1	1064
68	1064
84.3	1064
12.9	1065
28.7	1065
44.7	1065
60.5	1065
74.9	1065
90.7	1065
13.4	1066
27.9	1066
38.3	1066
49.7	1066
60.9	1066
73.1	1066
87.3	1066
15.2	1067
31.3	1067
46.7	1067
61	1067
77.9	1067
95.1	1067
13	1068
33.6	1068
55.4	1068
74.2	1068
93	1068
13.9	1069
24.5	1069
34.1	1069
48	1069
60.9	1069
73.8	1069
85.2	1069
97.1	1069
17.5	1070
31.9	1070
47.4	1070
63.2	1070
80.6	1070
96.4	1070
12.2	1071
27.9	1071
42.7	1071
55.9	1071
71.3	1071
83.6	1071
98.9	1071
13.4	1072
30.5	1072
45.9	1072
60.3	1072
76.9	1072
92.4	1072
13.6	1073
26.6	1073
39	1073
51.4	1073
62.7	1073
76.4	1073
88.3	1073
97.1	1073
13.6	1074
27.7	1074
42.9	1074
54.5	1074
67	1074
81.1	1074
94.4	1074
13.1	1075
31.9	1075
49.2	1075
69.2	1075
88.6	1075
12.8	1076
29.3	1076
44.4	1076
62.1	1076
77.8	1076
94.3	1076
16.9	1077
31.3	1077
50.5	1077
64.9	1077
80.3	1077
96.6	1077
14.2	1078
28.9	1078
46.6	1078
65.4	1078
78.1	1078
92.7	1078
13.3	1079
27.5	1079
40.8	1079
54.3	1079
67.2	1079
81.2	1079
97.4	1079
13.3	1080
26.9	1080
38.2	1080
52.2	1080
66	1080
78.3	1080
92.5	1080
12.4	1081
25.8	1081
43.6	1081
59.6	1081
72.2	1081
89.4	1081
12.3	1082
24.8	1082
40.1	1082
54.2	1082
67.5	1082
83.1	1082
13.8	1083
28.7	1083
44	1083
60.9	1083
77.2	1083
91.9	1083
13.4	1084
26.1	1084
39.9	1084
54	1084
66.7	1084
82.3	1084
98.7	1084
12.4	1085
27.1	1085
38.6	1085
53.6	1085
68.3	1085
82.6	1085
96.6	1085
19.4	1086
33	1086
49.1	1086
64.4	1086
79.9	1086
94.4	1086
15.5	1087
33.7	1087
48.8	1087
65.5	1087
81.6	1087
96.4	1087
14.6	1088
29.7	1088
42.7	1088
55.1	1088
67.4	1088
80.8	1088
91.6	1088
12.1	1089
26	1089
41	1089
55	1089
70.4	1089
84.8	1089
97	1089
14.3	1090
31.2	1090
46.8	1090
62.7	1090
78.2	1090
93.6	1090
13.1	1091
28.5	1091
43.5	1091
58.1	1091
73.3	1091
90.3	1091
15.8	1092
34.1	1092
54	1092
72.1	1092
89.8	1092
18.9	1093
35	1093
53	1093
67.7	1093
84.7	1093
12.7	1094
30.4	1094
52.8	1094
72.2	1094
92.2	1094
21.2	1095
42.9	1095
67.4	1095
88.2	1095
20.8	1096
39.8	1096
62.4	1096
81.2	1096
17.3	1097
33.9	1097
49.2	1097
69.3	1097
82.2	1097
12.6	1098
26.7	1098
39.8	1098
55.6	1098
67.7	1098
82.1	1098
96.5	1098
13.6	1099
29	1099
42.5	1099
55.6	1099
71	1099
86	1099
98	1099
13.2	1100
41.1	1100
62.8	1100
88.1	1100
18.2	1101
43.3	1101
68.2	1101
92.5	1101
13.3	1102
29.6	1102
41.7	1102
56	1102
70.5	1102
84.6	1102
97.6	1102
12	1103
32.4	1103
50.5	1103
65.8	1103
84.8	1103
17.3	1104
33.1	1104
48.3	1104
63.9	1104
77.5	1104
92.5	1104
13.4	1105
33	1105
50.7	1105
63.4	1105
86.9	1105
11.5	1106
28.8	1106
47	1106
65	1106
83.8	1106
13.3	1107
28.2	1107
41.9	1107
58.9	1107
74.4	1107
88	1107
13.5	1108
30.7	1108
47.8	1108
65.7	1108
84.6	1108
13	1109
29.7	1109
48.6	1109
66	1109
85.4	1109
11.4	1110
27.1	1110
43.8	1110
58.3	1110
73.3	1110
94.5	1110
15.6	1111
31.4	1111
45.1	1111
60.1	1111
73.3	1111
88.4	1111
14.7	1112
30.6	1112
48	1112
64.9	1112
82.6	1112
97.6	1112
12.6	1113
28.4	1113
43	1113
62.3	1113
77	1113
92.3	1113
13	1114
29.4	1114
47.4	1114
73.4	1114
89.8	1114
21.5	1115
39.4	1115
55.3	1115
74.4	1115
90.5	1115
13.3	1116
29.1	1116
42.4	1116
57.9	1116
71.7	1116
87.6	1116
11.7	1117
27.9	1117
48.3	1117
63.7	1117
85.1	1117
13.8	1118
32.1	1118
47.8	1118
64.2	1118
84	1118
19.6	1119
38.5	1119
58.7	1119
77.7	1119
12.4	1120
33.3	1120
48.1	1120
67.1	1120
83.3	1120
19	1121
38	1121
55.6	1121
72.1	1121
87.3	1121
12.1	1122
31.7	1122
48.6	1122
67.4	1122
82.4	1122
98.5	1122
12.7	1123
27.8	1123
40.9	1123
57.5	1123
71.4	1123
85.7	1123
98.7	1123
13.1	1124
33.9	1124
49.5	1124
65.7	1124
89.7	1124
14.7	1125
31.4	1125
44.5	1125
57.5	1125
71.6	1125
87.8	1125
14.6	1126
27.2	1126
39.9	1126
53.2	1126
66.9	1126
78.6	1126
92.3	1126
16.1	1127
30.7	1127
42.8	1127
55.9	1127
68.9	1127
81.9	1127
97.9	1127
13.4	1128
29.6	1128
46.7	1128
64.1	1128
82.3	1128
12.6	1129
28.5	1129
45	1129
61.7	1129
74.5	1129
92.5	1129
18	1130
39.4	1130
58.6	1130
76.7	1130
96.7	1130
18.3	1131
37.3	1131
54.2	1131
69.7	1131
87.3	1131
14.7	1132
28.9	1132
43.1	1132
57.4	1132
71.4	1132
85.8	1132
11.6	1133
26.7	1133
42.9	1133
58.6	1133
75.6	1133
92.1	1133
13.5	1134
27.7	1134
43.3	1134
58	1134
73.2	1134
90.2	1134
13.2	1135
25.6	1135
40.9	1135
55.1	1135
67.5	1135
81.2	1135
95.8	1135
13.3	1136
25.6	1136
35.7	1136
48.4	1136
59.2	1136
71.4	1136
83.7	1136
94.6	1136
13.4	1137
30.7	1137
44	1137
56.9	1137
71.8	1137
88.3	1137
13.4	1138
29.3	1138
43.3	1138
56	1138
70.8	1138
84.9	1138
98.9	1138
16.5	1139
34.4	1139
51.8	1139
68.5	1139
87.6	1139
11.6	1140
27.7	1140
46.4	1140
61.3	1140
75.2	1140
90.4	1140
14.6	1141
33.6	1141
48.6	1141
64.3	1141
78.2	1141
98.9	1141
15.1	1142
33.8	1142
48.2	1142
63.7	1142
81.2	1142
98.4	1142
13.6	1143
29.9	1143
50.6	1143
64.7	1143
83.5	1143
14	1144
33.7	1144
49.3	1144
68.1	1144
88.7	1144
18	1145
29.8	1145
44.8	1145
58.9	1145
74	1145
91.8	1145
13.7	1146
26.8	1146
41.4	1146
53.5	1146
68.1	1146
83.6	1146
18	1147
33.6	1147
49.2	1147
64.6	1147
81.5	1147
96.7	1147
14.7	1148
28.6	1148
44	1148
60.9	1148
77.7	1148
93.1	1148
13.2	1149
25.9	1149
37.9	1149
49.5	1149
61.8	1149
74	1149
85.5	1149
96.1	1149
12.7	1150
35	1150
53.8	1150
77.4	1150
92.9	1150
19.7	1151
37.3	1151
53.2	1151
70.9	1151
85.9	1151
13.4	1152
27.1	1152
41.5	1152
54.1	1152
65.9	1152
79	1152
93.7	1152
14.3	1153
33.6	1153
48.9	1153
68.7	1153
84.9	1153
14.1	1154
33.8	1154
55.5	1154
69.9	1154
85.8	1154
17.3	1155
35.5	1155
53	1155
68.8	1155
84.7	1155
13.4	1156
34.7	1156
53.1	1156
74.1	1156
94.9	1156
12.5	1157
25.1	1157
37.2	1157
51.5	1157
65.1	1157
78.1	1157
91.5	1157
18.6	1158
33.5	1158
48.1	1158
62.8	1158
77.4	1158
91.9	1158
13.4	1159
33.8	1159
51.5	1159
67.5	1159
81.8	1159
97.2	1159
13.3	1160
29.4	1160
45.7	1160
61.3	1160
76.9	1160
95.4	1160
12.5	1161
24	1161
37.7	1161
51.5	1161
63.9	1161
77.5	1161
90.5	1161
12.3	1162
25.4	1162
36.2	1162
49.1	1162
63.3	1162
75.2	1162
88.4	1162
98.5	1162
14.3	1163
28.8	1163
39.6	1163
50.6	1163
61.6	1163
74.4	1163
88.7	1163
13.9	1164
28.2	1164
42.2	1164
56.6	1164
73	1164
90.5	1164
21.4	1165
40.2	1165
58.8	1165
80	1165
98.5	1165
23	1166
45.7	1166
67.6	1166
89.3	1166
14.2	1167
28.8	1167
43.5	1167
55.6	1167
70.5	1167
85.3	1167
13.2	1168
26.1	1168
41.1	1168
52.7	1168
64.5	1168
76.9	1168
91.7	1168
12	1169
26.5	1169
41.3	1169
55	1169
67.2	1169
82.8	1169
96	1169
12.8	1170
27.4	1170
39.5	1170
53.3	1170
66.1	1170
80.1	1170
93.9	1170
13.8	1171
31.8	1171
48.2	1171
61.9	1171
74.4	1171
87.7	1171
12.8	1172
29.2	1172
42.4	1172
58.9	1172
81.2	1172
97.4	1172
12.7	1173
24.8	1173
39.7	1173
53.1	1173
65.5	1173
78.8	1173
92.1	1173
16.2	1174
33	1174
47.8	1174
63.7	1174
77.8	1174
91.3	1174
12.9	1175
26.9	1175
44.3	1175
59.8	1175
75.5	1175
90.8	1175
23.6	1176
42.5	1176
67.1	1176
94.3	1176
13.5	1177
28.2	1177
41.9	1177
58.4	1177
74.1	1177
88.4	1177
13.4	1178
23.8	1178
39.5	1178
52.8	1178
64.2	1178
78.9	1178
91.3	1178
14.8	1179
29.5	1179
44.5	1179
59.1	1179
72.1	1179
85.1	1179
13.3	1180
25.7	1180
41.5	1180
57.4	1180
70.4	1180
84.6	1180
97.6	1180
12.6	1181
28.9	1181
43.3	1181
60.9	1181
76.7	1181
92.2	1181
12	1182
33.1	1182
51.4	1182
66.2	1182
83.1	1182
99	1182
16.1	1183
43.3	1183
61.4	1183
84.7	1183
14	1184
33.4	1184
52.8	1184
69.7	1184
84.7	1184
13.8	1185
28.6	1185
42.8	1185
58.4	1185
72.7	1185
84.7	1185
98.3	1185
13	1186
25.9	1186
39	1186
53.2	1186
67	1186
81.4	1186
95.8	1186
14.4	1187
31.8	1187
47.2	1187
58.8	1187
75.6	1187
89.1	1187
10.7	1188
24.9	1188
39.3	1188
55.4	1188
73.8	1188
88.6	1188
14.1	1189
30.4	1189
47.2	1189
62.9	1189
77	1189
96.4	1189
17.9	1190
39.3	1190
56.1	1190
72.1	1190
88.3	1190
11.7	1191
29.3	1191
46.1	1191
64.8	1191
82.1	1191
98.1	1191
12.4	1192
33.9	1192
54.4	1192
74.5	1192
93.3	1192
14.9	1193
30	1193
44.4	1193
58.4	1193
71.6	1193
84.4	1193
98.6	1193
12.4	1194
28.7	1194
43.9	1194
61.1	1194
74.1	1194
89.5	1194
16.7	1195
30.6	1195
44.3	1195
57.7	1195
70.1	1195
85.9	1195
13.6	1196
28.7	1196
42.3	1196
56.9	1196
73.6	1196
89.2	1196
13.7	1197
28.5	1197
41.8	1197
54.6	1197
67.8	1197
82.5	1197
96.6	1197
12.8	1198
29	1198
43.6	1198
58	1198
74.1	1198
88.2	1198
14.8	1199
27.5	1199
43.3	1199
58.8	1199
72.9	1199
88.6	1199
13.5	1200
29.8	1200
43	1200
58.4	1200
75.5	1200
92.5	1200
17.6	1201
33	1201
50	1201
74.2	1201
93.2	1201
14.1	1202
27.7	1202
42.2	1202
55	1202
66.9	1202
80.5	1202
94.6	1202
11.6	1203
25.8	1203
42.2	1203
57.7	1203
73.7	1203
90.9	1203
14.2	1204
29.7	1204
49	1204
64.7	1204
81.4	1204
98.9	1204
12.4	1205
29.7	1205
45.5	1205
61.1	1205
73.5	1205
88.1	1205
16.7	1206
30.2	1206
47.2	1206
60	1206
76.8	1206
93.7	1206
12.1	1207
29.3	1207
50.9	1207
70.5	1207
88.4	1207
13.5	1208
34.5	1208
53.7	1208
73.1	1208
89.7	1208
13.4	1209
28.8	1209
40.3	1209
55.2	1209
67.8	1209
80.8	1209
96.3	1209
12.3	1210
31.7	1210
48	1210
63.1	1210
81.1	1210
96.7	1210
12.6	1211
25.7	1211
40.1	1211
55.9	1211
70	1211
81.1	1211
96.1	1211
13.5	1212
27.7	1212
42.9	1212
57.3	1212
71.8	1212
89.2	1212
13	1213
33.1	1213
49.2	1213
67.1	1213
85.5	1213
13.5	1214
39.6	1214
63.9	1214
79.4	1214
97.8	1214
18.6	1215
38.6	1215
56.8	1215
77.2	1215
97	1215
12.8	1216
37.7	1216
58.5	1216
78	1216
12.9	1217
27.2	1217
40.9	1217
53.5	1217
67.3	1217
80.9	1217
95.8	1217
13.9	1218
30.3	1218
44.5	1218
57.7	1218
72.5	1218
86.2	1218
13.9	1219
28.9	1219
42.4	1219
56.8	1219
69.2	1219
82.3	1219
95	1219
12.3	1220
27.3	1220
44.9	1220
64.6	1220
87.1	1220
13.6	1221
30.1	1221
45.8	1221
58.7	1221
74	1221
88.2	1221
13.5	1222
32.6	1222
48.8	1222
68.1	1222
84.2	1222
12.9	1223
31.2	1223
49.1	1223
66.5	1223
84	1223
13.7	1224
34.6	1224
49.2	1224
62.4	1224
79.3	1224
97.2	1224
13.3	1225
27.2	1225
39.8	1225
52.7	1225
67.4	1225
82	1225
97	1225
14.9	1226
37.5	1226
57.9	1226
74.8	1226
96.6	1226
15.8	1227
29.8	1227
46	1227
61.5	1227
76.9	1227
93.1	1227
13.5	1228
27.7	1228
41.4	1228
55.9	1228
67.2	1228
79.8	1228
90.4	1228
13.3	1229
31.4	1229
47.1	1229
63	1229
78	1229
91.1	1229
17.8	1230
28.9	1230
43.9	1230
59	1230
72	1230
85.2	1230
12.5	1231
27.2	1231
42.8	1231
59.8	1231
72.4	1231
87.1	1231
21	1232
42.1	1232
62.1	1232
83.9	1232
14.4	1233
28.7	1233
42.7	1233
60.8	1233
76.8	1233
92.6	1233
17	1234
36.5	1234
53.4	1234
71.8	1234
87.5	1234
13.9	1235
31.2	1235
49.3	1235
68	1235
84.8	1235
13.3	1236
28.3	1236
45.9	1236
62.2	1236
78	1236
93	1236
15.8	1237
29.1	1237
43.1	1237
58.4	1237
75.7	1237
90	1237
21	1238
36.9	1238
51.2	1238
67.4	1238
87.3	1238
14.1	1239
34.2	1239
52	1239
71.9	1239
97.3	1239
18.7	1240
32	1240
48	1240
61	1240
75.7	1240
91.4	1240
14.9	1241
30.2	1241
43.7	1241
57.1	1241
73.3	1241
88.4	1241
13.3	1242
28.4	1242
41.9	1242
58.9	1242
73.1	1242
89.8	1242
14.5	1243
26.6	1243
40.6	1243
53.6	1243
65.4	1243
79.5	1243
91.6	1243
13.5	1244
36.1	1244
67.6	1244
86.6	1244
14.1	1245
30.4	1245
46.3	1245
66.2	1245
82.6	1245
97.2	1245
13.5	1246
28.2	1246
44.3	1246
61.1	1246
77.3	1246
91.8	1246
13.4	1247
30	1247
44.8	1247
61.4	1247
76.9	1247
91.3	1247
14.9	1248
26.8	1248
40.6	1248
54.2	1248
65.6	1248
78.9	1248
92.3	1248
12.8	1249
36.5	1249
54.7	1249
71.8	1249
89.3	1249
